0 0.12265625 0.86484375 0.0171875 0.03046875
0 0.11953125 0.884375 0.01796875 0.03359375
0 0.1109375 0.9015625 0.01796875 0.025
0 0.13359375 0.95625 0.0234375 0.02578125
0 0.09765625 0.8171875 0.01328125 0.021875
0 0.08515625 0.78203125 0.01796875 0.02890625
0 0.07734375 0.7375 0.0171875 0.02578125
0 0.0640625 0.671875 0.0171875 0.02890625
0 0.07109375 0.603125 0.01796875 0.02734375
0 0.05234375 0.584375 0.01484375 0.025
0 0.05234375 0.54296875 0.02109375 0.02734375
0 0.0390625 0.4921875 0.01796875 0.025
0 0.02734375 0.32265625 0.01640625 0.0234375
0 0.26484375 0.59375 0.01640625 0.03671875
0 0.2546875 0.53203125 0.0171875 0.02734375
0 0.2375 0.42578125 0.01484375 0.021875
0 0.228125 0.3796875 0.02109375 0.025
0 0.209375 0.28046875 0.01640625 0.03828125
0 0.18203125 0.1625 0.0265625 0.0234375
0 0.315625 0.69375 0.0171875 0.03046875
0 0.325 0.77109375 0.0140625 0.03359375
0 0.29921875 0.49609375 0.01640625 0.0234375
0 0.29921875 0.446875 0.01953125 0.0203125
0 0.28671875 0.41171875 0.01796875 0.0234375
0 0.25390625 0.30625 0.01484375 0.02734375
0 0.25234375 0.20234375 0.0234375 0.0234375
0 0.2375 0.16640625 0.02109375 0.02734375
0 0.2546875 0.25859375 0.0203125 0.02734375
0 0.221875 0.1296875 0.0203125 0.03203125
0 0.1984375 0.08671875 0.02109375 0.03515625
0 0.334375 0.64921875 0.01640625 0.03046875
0 0.35 0.68125 0.02109375 0.025
0 0.36484375 0.765625 0.01640625 0.03515625
0 0.4265625 0.775 0.0203125 0.03515625
0 0.40625 0.72265625 0.01953125 0.03203125
0 0.45078125 0.703125 0.01015625 0.03359375
0 0.4546875 0.79453125 0.01953125 0.02578125
0 0.40625 0.55859375 0.021875 0.025
0 0.40625 0.51171875 0.01796875 0.02578125
0 0.42890625 0.47109375 0.0234375 0.02734375
0 0.409375 0.41171875 0.01328125 0.0234375
0 0.41796875 0.34609375 0.01328125 0.025
0 0.3265625 0.3421875 0.0203125 0.0234375
0 0.3515625 0.4 0.01640625 0.01875
0 0.340625 0.3671875 0.01484375 0.0234375
0 0.44921875 0.346875 0.01640625 0.0203125
0 0.45390625 0.3125 0.01953125 0.025
0 0.45078125 0.26484375 0.01796875 0.025
0 0.42734375 0.22109375 0.0140625 0.0203125
0 0.4078125 0.259375 0.01953125 0.0234375
0 0.40234375 0.2375 0.01484375 0.0203125
0 0.38671875 0.22265625 0.0171875 0.0234375
0 0.371875 0.18671875 0.01640625 0.0203125
0 0.36640625 0.153125 0.01484375 0.0234375
0 0.3484375 0.1328125 0.0140625 0.0203125
0 0.53046875 0.27890625 0.0140625 0.02578125
0 0.54140625 0.32265625 0.0125 0.0234375
0 0.5546875 0.38828125 0.01328125 0.0203125
0 0.5515625 0.434375 0.0140625 0.0234375
0 0.565625 0.48203125 0.0140625 0.0234375
0 0.33203125 0.2015625 0.0140625 0.021875
0 0.328125 0.17578125 0.01328125 0.0203125
0 0.3078125 0.13671875 0.0171875 0.02734375
0 0.2484375 0.08828125 0.01640625 0.0203125
0 0.2296875 0.065625 0.0171875 0.0234375
0 0.2625 0.0421875 0.0140625 0.0203125
0 0.31796875 0.071875 0.0140625 0.0203125
0 0.37265625 0.11640625 0.0125 0.0203125
0 0.41796875 0.18671875 0.01640625 0.0203125
0 0.465625 0.14453125 0.0140625 0.01875
0 0.5078125 0.1640625 0.01328125 0.0203125
0 0.50390625 0.196875 0.0140625 0.01875
0 0.46484375 0.2125 0.0140625 0.021875
0 0.48359375 0.23203125 0.01328125 0.01875
0 0.41640625 0.14140625 0.01328125 0.01875
0 0.40078125 0.0875 0.0140625 0.021875
0 0.440625 0.05625 0.01015625 0.0203125
0 0.44765625 0.084375 0.01328125 0.021875
0 0.4625 0.12265625 0.01640625 0.0203125
0 0.509375 0.13984375 0.0140625 0.021875
0 0.1375 0.3734375 0.0171875 0.0234375
0 0.12109375 0.35 0.01484375 0.0203125
0 0.11015625 0.3078125 0.01796875 0.021875
0 0.11484375 0.271875 0.01484375 0.0203125
0 0.10859375 0.24765625 0.01484375 0.021875
0 0.10703125 0.21796875 0.0140625 0.0203125
0 0.09609375 0.178125 0.01796875 0.01875
0 0.1359375 0.3953125 0.01484375 0.01875
0 0.140625 0.4421875 0.0140625 0.0234375
0 0.12734375 0.48203125 0.0140625 0.02578125
0 0.1578125 0.4875 0.0140625 0.021875
0 0.178125 0.346875 0.01328125 0.0203125
0 0.18046875 0.3828125 0.01484375 0.021875
0 0.1921875 0.43671875 0.0140625 0.02734375
0 0.19609375 0.4875 0.01640625 0.02734375
0 0.30703125 0.31171875 0.0140625 0.0234375
0 0.2984375 0.27734375 0.01328125 0.0171875
0 0.33828125 0.2703125 0.0125 0.0234375
0 0.34375 0.29609375 0.01484375 0.0171875
0 0.2953125 0.25078125 0.01328125 0.01875
0 0.128125 0.17265625 0.01484375 0.01875
0 0.11328125 0.13671875 0.0109375 0.015625
0 0.690625 0.3375 0.0125 0.0171875
0 0.68359375 0.31953125 0.01328125 0.0203125
0 0.6703125 0.29296875 0.01328125 0.0171875
0 0.6578125 0.26484375 0.0140625 0.015625
0 0.646875 0.25078125 0.01328125 0.021875
0 0.63671875 0.23359375 0.0125 0.01875
0 0.6296875 0.21640625 0.01328125 0.0234375
0 0.63515625 0.19765625 0.0140625 0.0203125
0 0.6265625 0.159375 0.01328125 0.0203125
0 0.61796875 0.14140625 0.01484375 0.021875
0 0.6109375 0.12421875 0.01328125 0.0203125
0 0.603125 0.10546875 0.0125 0.0203125
0 0.5859375 0.078125 0.01640625 0.021875
0 0.56796875 0.1421875 0.01484375 0.0203125
0 0.55390625 0.18359375 0.0140625 0.0203125
0 0.5578125 0.25078125 0.0140625 0.021875
0 0.63203125 0.29921875 0.01484375 0.0234375
0 0.64609375 0.365625 0.01640625 0.0203125
0 0.69609375 0.41875 0.01484375 0.01875
0 0.69609375 0.45859375 0.01328125 0.01875
0 0.70078125 0.47890625 0.01640625 0.0234375
0 0.7046875 0.40078125 0.01484375 0.0234375
0 0.71171875 0.27734375 0.0109375 0.0234375
0 0.6953125 0.246875 0.0125 0.02578125
0 0.68203125 0.2203125 0.01328125 0.021875
0 0.66640625 0.1734375 0.01328125 0.0203125
0 0.6625 0.1328125 0.0125 0.0171875
0 0.65078125 0.11640625 0.0140625 0.0203125
0 0.64609375 0.1 0.01328125 0.015625
0 0.87578125 0.5 0.01640625 0.021875
0 0.86953125 0.46484375 0.01015625 0.021875
0 0.86796875 0.44296875 0.0140625 0.021875
0 0.8765625 0.41796875 0.0171875 0.0203125
0 0.875 0.378125 0.01796875 0.021875
0 0.8671875 0.3515625 0.01328125 0.0234375
0 0.81953125 0.3953125 0.01328125 0.02734375
0 0.82890625 0.41640625 0.01328125 0.0203125
0 0.809375 0.31484375 0.01796875 0.0203125
0 0.8640625 0.30859375 0.0171875 0.0203125
0 0.81328125 0.19921875 0.0140625 0.0203125
0 0.85390625 0.275 0.01328125 0.01875
0 0.840625 0.23671875 0.01328125 0.01875
0 0.82109375 0.16640625 0.01328125 0.021875
0 0.82109375 0.1046875 0.01484375 0.015625
0 0.81484375 0.07421875 0.01484375 0.01875
0 0.7796875 0.2171875 0.0125 0.01875
0 0.778125 0.19375 0.0140625 0.025
0 0.7625 0.16328125 0.01640625 0.021875
0 0.74140625 0.12265625 0.0140625 0.0234375
0 0.7265625 0.10859375 0.01015625 0.0171875
0 0.7234375 0.08828125 0.0125 0.0203125
0 0.73046875 0.06953125 0.01328125 0.01875
0 0.79765625 0.275 0.0109375 0.01875
0 0.8015625 0.25078125 0.01484375 0.025
0 0.76953125 0.11328125 0.01484375 0.0234375
0 0.771875 0.08671875 0.0140625 0.0203125
0 0.7609375 0.05859375 0.0125 0.025
0 0.74921875 0.025 0.0171875 0.0234375
0 0.85625 0.140625 0.01640625 0.02578125
0 0.8578125 0.18671875 0.0171875 0.02578125
0 0.8609375 0.2140625 0.0140625 0.01875
0 0.91640625 0.21796875 0.0125 0.0203125
0 0.90390625 0.1578125 0.0171875 0.0234375
0 0.93359375 0.0828125 0.0125 0.01875
0 0.93671875 0.1 0.0125 0.021875
0 0.6265625 0.91953125 0.0203125 0.0203125
0 0.62265625 0.88046875 0.01953125 0.02578125
0 0.6078125 0.79921875 0.0203125 0.0234375
0 0.59375 0.76484375 0.01484375 0.03046875
0 0.58671875 0.68125 0.0125 0.01875
0 0.58359375 0.63828125 0.0125 0.03359375
0 0.66953125 0.81328125 0.0203125 0.02578125
0 0.65625 0.753125 0.0171875 0.0171875
0 0.6453125 0.71171875 0.0140625 0.02578125
0 0.64140625 0.67265625 0.021875 0.02734375
0 0.63828125 0.62734375 0.01796875 0.02734375
0 0.6453125 0.584375 0.0234375 0.021875
0 0.64609375 0.54765625 0.0203125 0.03046875
0 0.64296875 0.4953125 0.0171875 0.015625
0 0.69609375 0.58671875 0.021875 0.02890625
0 0.7390625 0.60078125 0.01484375 0.0234375
0 0.6984375 0.6609375 0.01484375 0.03515625
0 0.859375 0.8140625 0.01640625 0.025
0 0.853125 0.790625 0.0171875 0.025
0 0.846875 0.76015625 0.01328125 0.025
0 0.84609375 0.72265625 0.01796875 0.0234375
0 0.85 0.696875 0.01484375 0.025
0 0.85625 0.66796875 0.0171875 0.021875
0 0.85546875 0.65078125 0.01796875 0.021875
0 0.8578125 0.6046875 0.0140625 0.025