0 0.01171875 0.44765625 0.00625 0.01328125
0 0.00546875 0.4484375 0.00625 0.0125
0 0.0453125 0.459375 0.00703125 0.01796875
0 0.034375 0.4828125 0.00703125 0.0140625
0 0.01328125 0.475 0.00703125 0.01484375
0 0.040625 0.48828125 0.00859375 0.0171875
0 0.0484375 0.484375 0.0078125 0.0140625
0 0.06015625 0.48515625 0.0078125 0.01640625
0 0.0546875 0.46171875 0.00703125 0.0125
0 0.08046875 0.46328125 0.0078125 0.01484375
0 0.06875 0.49296875 0.0078125 0.01640625
0 0.08046875 0.49296875 0.0078125 0.01484375
0 0.090625 0.50234375 0.0078125 0.01328125
0 0.10390625 0.49453125 0.01015625 0.0109375
0 0.10078125 0.46953125 0.01015625 0.01640625
0 0.1203125 0.475 0.00703125 0.01328125
0 0.1140625 0.51171875 0.0046875 0.01640625
0 0.11875 0.53359375 0.01015625 0.01328125
0 0.140625 0.5328125 0.0078125 0.01796875
0 0.15078125 0.53046875 0.009375 0.01328125
0 0.16328125 0.53203125 0.00859375 0.01640625
0 0.175 0.53984375 0.009375 0.0125
0 0.18515625 0.56171875 0.0109375 0.01640625
0 0.13984375 0.47421875 0.00546875 0.01640625
0 0.13046875 0.478125 0.00546875 0.01640625
0 0.125 0.4984375 0.0078125 0.01328125
0 0.13671875 0.5015625 0.0078125 0.01328125
0 0.14609375 0.5046875 0.01015625 0.01796875
0 0.14765625 0.4765625 0.0078125 0.0140625
0 0.1578125 0.48125 0.0078125 0.01484375
0 0.16640625 0.4796875 0.00703125 0.01328125
0 0.16328125 0.50625 0.00703125 0.0125
0 0.1890625 0.509375 0.00703125 0.0140625
0 0.203125 0.51171875 0.00859375 0.01640625
0 0.20703125 0.48359375 0.0078125 0.01328125
0 0.21875 0.48671875 0.01015625 0.0140625
0 0.21796875 0.5109375 0.01015625 0.01875
0 0.23125 0.51484375 0.0109375 0.01796875
0 0.25859375 0.51640625 0.01015625 0.01796875
0 0.24921875 0.48515625 0.0078125 0.01484375
0 0.23828125 0.490625 0.00859375 0.01640625
0 0.27265625 0.51015625 0.00859375 0.0125
0 0.28828125 0.5140625 0.01015625 0.01640625
0 0.2828125 0.4859375 0.009375 0.01640625
0 0.2953125 0.4890625 0.009375 0.0171875
0 0.33671875 0.56484375 0.01171875 0.01015625
0 0.33125 0.55625 0.009375 0.015625
0 0.2359375 0.64140625 0.01015625 0.01796875
0 0.3046875 0.51015625 0.009375 0.01484375
0 0.32109375 0.51640625 0.00859375 0.01328125
0 0.321875 0.48828125 0.00859375 0.0140625
0 0.33671875 0.50859375 0.009375 0.0140625
0 0.33515625 0.4890625 0.0078125 0.01640625
0 0.35 0.51328125 0.00859375 0.01328125
0 0.36484375 0.5109375 0.0078125 0.01484375
0 0.359375 0.49453125 0.00625 0.01328125
0 0.3796875 0.51796875 0.01171875 0.0171875
0 0.3953125 0.51953125 0.009375 0.01484375
0 0.3875 0.49375 0.01015625 0.0140625
0 0.40546875 0.4953125 0.009375 0.0140625
0 0.41640625 0.51640625 0.00703125 0.0109375
0 0.4328125 0.5125 0.009375 0.0140625
0 0.4484375 0.48671875 0.00859375 0.01640625
0 0.4484375 0.51328125 0.00703125 0.015625
0 0.46328125 0.4875 0.00859375 0.0125
0 0.47890625 0.5515625 0.01015625 0.01796875
0 0.46171875 0.53359375 0.0078125 0.0140625
0 0.478125 0.51484375 0.00859375 0.0125
0 0.49296875 0.521875 0.01171875 0.0171875
0 0.5078125 0.5140625 0.01015625 0.01796875
0 0.51796875 0.55859375 0.00859375 0.0171875
0 0.52109375 0.509375 0.01015625 0.015625
0 0.48671875 0.48125 0.00859375 0.01328125
0 0.5015625 0.484375 0.0078125 0.01171875
0 0.52734375 0.48671875 0.01015625 0.01484375
0 0.534375 0.50703125 0.0078125 0.01484375
0 0.54765625 0.5140625 0.0109375 0.01640625
0 0.5625 0.53515625 0.0078125 0.01796875
0 0.5953125 0.55390625 0.009375 0.01484375
0 0.5984375 0.52578125 0.009375 0.015625
0 0.6328125 0.5234375 0.00859375 0.01640625
0 0.64609375 0.5203125 0.01015625 0.01484375
0 0.65546875 0.51484375 0.009375 0.01640625
0 0.5640625 0.5046875 0.01015625 0.0140625
0 0.553125 0.4890625 0.01015625 0.0171875
0 0.53984375 0.48671875 0.00859375 0.01484375
0 0.57734375 0.50390625 0.0078125 0.01484375
0 0.56484375 0.48359375 0.00625 0.01328125
0 0.57734375 0.478125 0.00859375 0.0140625
0 0.58984375 0.50390625 0.00703125 0.01171875
0 0.5875 0.47734375 0.00625 0.0140625
0 0.5984375 0.475 0.0078125 0.01171875
0 0.609375 0.47578125 0.00859375 0.01328125
0 0.6109375 0.50078125 0.00703125 0.01328125
0 0.60078125 0.503125 0.00546875 0.009375
0 0.621875 0.49921875 0.0078125 0.01171875
0 0.61953125 0.4734375 0.00703125 0.0125
0 0.63046875 0.46953125 0.00703125 0.01171875
0 0.63359375 0.49453125 0.00703125 0.01328125
0 0.66953125 0.5109375 0.0078125 0.0125
0 0.6546875 0.490625 0.0078125 0.0140625
0 0.6453125 0.49375 0.00703125 0.015625
0 0.64140625 0.471875 0.00859375 0.01171875
0 0.64921875 0.48046875 0.00625 0.01171875
0 0.659375 0.46875 0.00625 0.01328125
0 0.66640625 0.496875 0.00625 0.01328125
0 0.6703125 0.46484375 0.00625 0.015625
0 0.67734375 0.4828125 0.00625 0.01484375
0 0.69765625 0.49765625 0.00625 0.01171875
0 0.68828125 0.48125 0.00625 0.01328125
0 0.7015625 0.51953125 0.00703125 0.0171875
0 0.7140625 0.56171875 0.00703125 0.01328125
0 0.7109375 0.4921875 0.00625 0.0125
0 0.7046875 0.47734375 0.00546875 0.009375
0 0.69375 0.46171875 0.00546875 0.01171875
0 0.68359375 0.4578125 0.00625 0.0125
0 0.703125 0.46171875 0.00546875 0.0109375
0 0.7125 0.45390625 0.00546875 0.01015625
0 0.72578125 0.47265625 0.00625 0.0125
0 0.7125 0.478125 0.0046875 0.0109375
0 0.72265625 0.49765625 0.00703125 0.01171875
0 0.7359375 0.4921875 0.00625 0.01328125
0 0.74375 0.48203125 0.00625 0.0140625
0 0.72421875 0.45625 0.00546875 0.01328125
0 0.73125 0.45703125 0.00625 0.01328125
0 0.740625 0.446875 0.00546875 0.01171875
0 0.753125 0.465625 0.00625 0.01328125
0 0.75390625 0.48515625 0.00625 0.0140625
0 0.76171875 0.48046875 0.0046875 0.01015625
0 0.7625 0.4609375 0.0046875 0.0125
0 0.75390625 0.4421875 0.0046875 0.0109375
0 0.77265625 0.48046875 0.00703125 0.01328125
0 0.78046875 0.47890625 0.0078125 0.01640625
0 0.78984375 0.4734375 0.00625 0.01328125
0 0.7984375 0.46875 0.00625 0.01171875
0 0.80859375 0.4671875 0.0046875 0.01171875
0 0.81484375 0.465625 0.00546875 0.0140625
0 0.565625 0.63203125 0.00859375 0.0171875
0 0.55 0.6375 0.0078125 0.015625
0 0.53515625 0.63984375 0.00859375 0.0203125
0 0.52109375 0.63671875 0.0078125 0.01796875
0 0.5828125 0.64609375 0.00703125 0.01484375
0 0.596875 0.63984375 0.00703125 0.01640625
0 0.65 0.65390625 0.0078125 0.01875
0 0.67109375 0.621875 0.00703125 0.0171875
0 0.68046875 0.62890625 0.00625 0.01328125
0 0.69921875 0.6125 0.00859375 0.01640625
0 0.72109375 0.61171875 0.0109375 0.01484375
0 0.4734375 0.65546875 0.01015625 0.0203125
0 0.425 0.68125 0.01015625 0.0171875
0 0.4546875 0.68515625 0.00703125 0.01640625
0 0.18046875 0.6609375 0.00703125 0.01953125