0 0.62890625 0.87109375 0.02265625 0.04609375
0 0.7078125 0.765625 0.02265625 0.0515625
0 0.77890625 0.7875 0.03515625 0.06015625
0 0.59140625 0.696875 0.02421875 0.06875
0 0.59296875 0.6625 0.02734375 0.04609375
0 0.65703125 0.63828125 0.02734375 0.0484375
0 0.6546875 0.59609375 0.02265625 0.04296875
0 0.67421875 0.5703125 0.02265625 0.05390625
0 0.68828125 0.55703125 0.01796875 0.04609375
0 0.6953125 0.5171875 0.01640625 0.04609375
0 0.6796875 0.47109375 0.02421875 0.03984375
0 0.50546875 0.65 0.02734375 0.05390625
0 0.50546875 0.56875 0.03046875 0.05703125
0 0.51015625 0.49296875 0.02109375 0.0375
0 0.56796875 0.4515625 0.01953125 0.03984375
0 0.4546875 0.56171875 0.02265625 0.04296875
0 0.378125 0.70859375 0.03046875 0.0515625
0 0.38125 0.665625 0.02421875 0.0625
0 0.85234375 0.73828125 0.03359375 0.065625
0 0.78125 0.69140625 0.03046875 0.0625
0 0.7265625 0.61875 0.02109375 0.04296875
0 0.75234375 0.56015625 0.01796875 0.03984375
0 0.79765625 0.584375 0.02734375 0.04296875
0 0.81484375 0.5296875 0.02265625 0.04296875
0 0.76171875 0.5171875 0.02109375 0.04609375
0 0.7765625 0.48984375 0.02109375 0.04296875
0 0.81171875 0.48125 0.02734375 0.0484375
0 0.71796875 0.484375 0.02265625 0.04296875
0 0.72109375 0.434375 0.02578125 0.04609375
0 0.67109375 0.4203125 0.02265625 0.04609375
0 0.634375 0.5 0.02421875 0.03984375
0 0.70546875 0.3875 0.01484375 0.04296875
0 0.78125 0.3984375 0.02421875 0.0484375
0 0.74140625 0.40546875 0.01796875 0.04609375
0 0.8953125 0.52109375 0.02578125 0.04296875
0 0.85625 0.55703125 0.02578125 0.03984375
0 0.89375 0.6 0.02578125 0.03984375
0 0.84453125 0.60546875 0.03359375 0.034375
0 0.90390625 0.65 0.02421875 0.04296875
0 0.95390625 0.62265625 0.02734375 0.03984375
0 0.94375 0.58125 0.02578125 0.0484375
0 0.95859375 0.496875 0.02109375 0.03984375
0 0.9359375 0.47421875 0.02109375 0.03984375
0 0.98515625 0.57109375 0.02578125 0.03984375
0 0.98828125 0.53046875 0.0234375 0.0453125
0 0.89140625 0.43984375 0.02421875 0.04609375
0 0.87265625 0.47734375 0.02265625 0.034375
0 0.83828125 0.465625 0.02109375 0.04609375
0 0.8890625 0.365625 0.01953125 0.03984375
0 0.8140625 0.41015625 0.02421875 0.0375
0 0.4890625 0.96015625 0.0421875 0.0625
0 0.4828125 0.86015625 0.02734375 0.05703125
0 0.43984375 0.865625 0.03046875 0.06875
0 0.35859375 0.91171875 0.03671875 0.05703125
0 0.371875 0.84296875 0.02421875 0.05703125
0 0.33203125 0.753125 0.03515625 0.06015625
0 0.39765625 0.56015625 0.02109375 0.03984375
0 0.3984375 0.515625 0.01953125 0.0375
0 0.42265625 0.515625 0.01953125 0.04296875
0 0.47265625 0.47890625 0.02265625 0.04296875
0 0.48984375 0.41171875 0.01796875 0.03984375
0 0.4703125 0.39296875 0.02109375 0.02578125
0 0.45703125 0.3703125 0.02109375 0.03125
0 0.41484375 0.4859375 0.01953125 0.04609375
0 0.42421875 0.44140625 0.02890625 0.04296875
0 0.44609375 0.4796875 0.02421875 0.034375
0 0.38828125 0.43984375 0.02734375 0.03984375
0 0.3734375 0.49296875 0.02734375 0.04296875
0 0.36015625 0.52890625 0.03046875 0.04609375
0 0.3546875 0.57578125 0.02890625 0.05390625
0 0.32421875 0.53984375 0.03515625 0.04609375
0 0.31875 0.62109375 0.03359375 0.0484375
0 0.2765625 0.6484375 0.04375 0.0515625
0 0.20546875 0.70859375 0.03671875 0.04609375
0 0.1890625 0.6125 0.0390625 0.05390625
0 0.2359375 0.53828125 0.02109375 0.04296875
0 0.2296875 0.4703125 0.02734375 0.05390625
0 0.23359375 0.4375 0.02578125 0.0515625
0 0.25546875 0.396875 0.02421875 0.0515625
0 0.13359375 0.6515625 0.03515625 0.05703125
0 0.07578125 0.7828125 0.0421875 0.0515625
0 0.08359375 0.8984375 0.0421875 0.0484375
0 0.01953125 0.90859375 0.03515625 0.0625
0 0.02265625 0.7171875 0.03515625 0.0515625
0 0.06015625 0.67734375 0.040625 0.0515625
0 0.0171875 0.6375 0.03046875 0.06875
0 0.08828125 0.59296875 0.03359375 0.0484375
0 0.1421875 0.4984375 0.02890625 0.0484375
0 0.17734375 0.49140625 0.02890625 0.03984375
0 0.13359375 0.534375 0.02890625 0.04609375
0 0.090625 0.50390625 0.03203125 0.0484375
0 0.0890625 0.54453125 0.0421875 0.06015625
0 0.04140625 0.51875 0.03359375 0.04296875
0 0.05703125 0.57109375 0.03359375 0.03984375
0 0.09453125 0.45390625 0.040625 0.0515625
0 0.1015625 0.41875 0.02890625 0.04296875
0 0.1328125 0.4171875 0.02734375 0.03984375
0 0.171875 0.42421875 0.02734375 0.0484375
0 0.13828125 0.45 0.02734375 0.0484375
0 0.21015625 0.4296875 0.03359375 0.04296875
0 0.2046875 0.3984375 0.02890625 0.0375
0 0.23125 0.3796875 0.02109375 0.03984375
0 0.3046875 0.40703125 0.02578125 0.02578125
0 0.29296875 0.45703125 0.03359375 0.03984375
0 0.28828125 0.5125 0.03359375 0.06015625
0 0.32578125 0.49453125 0.0390625 0.03984375
0 0.3328125 0.453125 0.02421875 0.0375
0 0.0515625 0.41171875 0.02890625 0.04609375
0 0.09296875 0.37109375 0.02734375 0.03984375
0 0.0734375 0.34453125 0.02734375 0.0484375
0 0.0265625 0.44453125 0.03359375 0.0484375