0 0.86484375 0.7875 0.0234375 0.015625
0 0.67578125 0.82734375 0.0171875 0.01875
0 0.6515625 0.81796875 0.02109375 0.021875
0 0.6359375 0.83203125 0.0234375 0.01875
0 0.6328125 0.85 0.0296875 0.0203125
0 0.6890625 0.81328125 0.021875 0.0203125
0 0.60234375 0.89140625 0.021875 0.01953125
0 0.571875 0.8484375 0.01953125 0.01796875
0 0.525 0.85859375 0.02890625 0.02265625
0 0.46875 0.85078125 0.02578125 0.02265625
0 0.52421875 0.7953125 0.02734375 0.01875
0 0.584375 0.79453125 0.02578125 0.01484375
0 0.59609375 0.77578125 0.0265625 0.01640625
0 0.53671875 0.76875 0.021875 0.015625
0 0.42265625 0.83671875 0.0234375 0.01875
0 0.45546875 0.77265625 0.021875 0.01640625
0 0.4453125 0.75859375 0.021875 0.01640625
0 0.3796875 0.76875 0.021875 0.01328125
0 0.246875 0.91796875 0.02578125 0.01953125
0 0.53671875 0.7421875 0.0234375 0.01640625
0 0.5921875 0.71328125 0.021875 0.0140625
0 0.5109375 0.715625 0.02421875 0.01484375
0 0.4859375 0.71328125 0.01953125 0.0171875
0 0.43671875 0.73125 0.01953125 0.01484375
0 0.453125 0.725 0.01953125 0.0140625
0 0.43046875 0.71484375 0.02890625 0.0203125
0 0.390625 0.721875 0.021875 0.0140625
0 0.36953125 0.725 0.01875 0.0171875
0 0.25 0.740625 0.021875 0.0171875
0 0.2578125 0.7203125 0.02421875 0.015625
0 0.425 0.678125 0.02734375 0.01875
0 0.17109375 0.909375 0.02421875 0.01953125
0 0.159375 0.83828125 0.0234375 0.015625
0 0.11875 0.840625 0.0234375 0.01640625
0 0.02734375 0.85390625 0.03203125 0.0203125
0 0.01171875 0.83828125 0.02109375 0.01875
0 0.025 0.80390625 0.02421875 0.01796875
0 0.0609375 0.77421875 0.01953125 0.01484375
0 0.10234375 0.76328125 0.021875 0.01484375
0 0.04609375 0.75234375 0.02578125 0.01640625
0 0.14921875 0.74609375 0.02734375 0.01875
0 0.171875 0.6625 0.01875 0.01328125
0 0.21328125 0.634375 0.01953125 0.0171875
0 0.27734375 0.63359375 0.021875 0.0125
0 0.3703125 0.6234375 0.01640625 0.01328125
0 0.3640625 0.6140625 0.02109375 0.01328125
0 0.14765625 0.62265625 0.0234375 0.015625
0 0.1359375 0.61328125 0.01875 0.0140625
0 0.0921875 0.62265625 0.0171875 0.01328125
0 0.109375 0.6515625 0.01875 0.01328125
0 0.18828125 0.6296875 0.0234375 0.015625
0 0.35 0.584375 0.01875 0.01328125
0 0.32421875 0.578125 0.02109375 0.01328125
0 0.265625 0.58046875 0.02109375 0.0140625
0 0.24609375 0.56875 0.0140625 0.0125
0 0.22890625 0.57734375 0.0171875 0.0140625
0 0.1921875 0.575 0.01953125 0.01328125
0 0.15078125 0.578125 0.0171875 0.01015625
0 0.13671875 0.59609375 0.021875 0.01328125
0 0.21328125 0.6078125 0.01640625 0.01328125
0 0.6515625 0.73203125 0.02734375 0.01328125
0 0.7796875 0.7046875 0.0171875 0.01328125
0 0.7890625 0.7 0.01640625 0.01796875
0 0.68671875 0.6765625 0.01953125 0.0140625
0 0.64140625 0.67421875 0.02421875 0.01484375
0 0.71015625 0.734375 0.02734375 0.01484375
0 0.58359375 0.62734375 0.0171875 0.01328125
0 0.46796875 0.62578125 0.0171875 0.0109375
0 0.46953125 0.6078125 0.021875 0.01484375
0 0.50546875 0.58515625 0.02109375 0.0109375
0 0.55625 0.603125 0.021875 0.01171875
0 0.54765625 0.58984375 0.01640625 0.01328125
0 0.55234375 0.57578125 0.01875 0.0125
0 0.60546875 0.58359375 0.0171875 0.01328125
0 0.64921875 0.590625 0.02109375 0.01484375
0 0.69609375 0.57265625 0.01953125 0.01328125
0 0.66484375 0.634375 0.02109375 0.0171875
0 0.725 0.6546875 0.02109375 0.01328125
0 0.85703125 0.6046875 0.02109375 0.015625
0 0.81796875 0.58671875 0.0171875 0.0140625
0 0.75078125 0.5796875 0.01953125 0.015625
0 0.65859375 0.5640625 0.0171875 0.01328125
0 0.77734375 0.559375 0.01640625 0.0109375
0 0.59375 0.55546875 0.0171875 0.015625
0 0.44453125 0.57578125 0.01875 0.01328125
0 0.4484375 0.55625 0.0171875 0.01171875
0 0.940625 0.73984375 0.02421875 0.01875
0 0.9015625 0.71953125 0.02421875 0.01875
0 0.92734375 0.71796875 0.02109375 0.01875
0 0.9015625 0.696875 0.02578125 0.021875
0 0.9859375 0.7359375 0.021875 0.01484375
0 0.93203125 0.64921875 0.02109375 0.01953125
0 0.934375 0.6203125 0.01640625 0.01328125
0 0.93046875 0.60703125 0.02109375 0.0171875
0 0.89609375 0.6125 0.0234375 0.01328125
0 0.96015625 0.584375 0.021875 0.015625
0 0.97578125 0.55859375 0.01875 0.0171875
0 0.96328125 0.55 0.02109375 0.0140625
0 0.38359375 0.56875 0.0171875 0.01328125
0 0.30625 0.575 0.01484375 0.0125
0 0.1515625 0.56875 0.0234375 0.009375
0 0.38359375 0.55859375 0.01640625 0.0109375
0 0.0828125 0.58671875 0.01875 0.01484375
0 0.1 0.58125 0.0171875 0.0140625
0 0.0875 0.56953125 0.0234375 0.0171875
0 0.05234375 0.58046875 0.01875 0.0140625
0 0.071875 0.54921875 0.02109375 0.0140625
0 0.025 0.48984375 0.0171875 0.01328125
0 0.0609375 0.48203125 0.0171875 0.01328125
0 0.07421875 0.48359375 0.01640625 0.01328125
0 0.0765625 0.4578125 0.01640625 0.0125
0 0.10546875 0.4484375 0.01875 0.0125
0 0.240625 0.40390625 0.01484375 0.0125
0 0.26640625 0.39609375 0.01640625 0.01171875
0 0.3046875 0.38828125 0.01875 0.01328125
0 0.32421875 0.38515625 0.01171875 0.0140625
0 0.3484375 0.40859375 0.01640625 0.01171875
0 0.3 0.3640625 0.0140625 0.01171875
0 0.2265625 0.37109375 0.01640625 0.00859375
0 0.20078125 0.37421875 0.01640625 0.01015625
0 0.1578125 0.39609375 0.01640625 0.0140625
0 0.1578125 0.37265625 0.02109375 0.0125
0 0.10234375 0.3765625 0.0171875 0.01015625
0 0.06640625 0.35859375 0.01484375 0.01015625
0 0.1828125 0.31953125 0.0125 0.009375
0 0.21328125 0.3203125 0.0140625 0.0109375
0 0.22890625 0.34609375 0.0171875 0.01171875
0 0.26953125 0.3484375 0.0171875 0.0109375
0 0.2875 0.3328125 0.0140625 0.0109375
0 0.31484375 0.34140625 0.0125 0.01015625
0 0.3109375 0.3109375 0.01484375 0.01171875
0 0.26875 0.31015625 0.01640625 0.00703125
0 0.275 0.28046875 0.0140625 0.0109375
0 0.353125 0.29140625 0.01171875 0.01015625
0 0.365625 0.2796875 0.0125 0.01015625
0 0.39765625 0.30859375 0.01484375 0.00859375
0 0.37109375 0.346875 0.01484375 0.01015625
0 0.3671875 0.33671875 0.0140625 0.0078125
0 0.05390625 0.3265625 0.01484375 0.0109375
0 0.10078125 0.278125 0.0125 0.01015625
0 0.13125 0.26796875 0.01171875 0.01015625
0 0.24375 0.2671875 0.01875 0.0109375
0 0.27109375 0.265625 0.0125 0.0078125
0 0.27109375 0.246875 0.0125 0.01328125
0 0.0609375 0.27734375 0.0125 0.01015625
0 0.03125 0.28203125 0.0140625 0.00859375
0 0.47265625 0.3984375 0.01953125 0.01328125
0 0.47578125 0.3640625 0.0140625 0.01015625
0 0.5828125 0.359375 0.01953125 0.00859375
0 0.5828125 0.3875 0.01015625 0.01015625
0 0.59609375 0.38046875 0.01171875 0.01328125
0 0.63828125 0.40078125 0.02109375 0.0109375
0 0.6171875 0.40546875 0.021875 0.0109375
0 0.59765625 0.40703125 0.0171875 0.009375
0 0.52890625 0.40078125 0.02109375 0.01171875
0 0.64921875 0.378125 0.01484375 0.01328125
0 0.675 0.4 0.0171875 0.0125
0 0.7125 0.39140625 0.0140625 0.0125
0 0.7109375 0.36953125 0.01640625 0.0125
0 0.6921875 0.38203125 0.01953125 0.0125
0 0.7765625 0.4140625 0.01953125 0.0109375
0 0.80859375 0.403125 0.02421875 0.01328125
0 0.80546875 0.38203125 0.01484375 0.0125
0 0.784375 0.33359375 0.01484375 0.01015625
0 0.76640625 0.334375 0.01015625 0.0125
0 0.75078125 0.321875 0.0125 0.01484375
0 0.8515625 0.35625 0.01953125 0.0125
0 0.86015625 0.3734375 0.01640625 0.0125
0 0.8921875 0.3828125 0.0171875 0.01328125