0 0.8421875 0.59609375 0.03515625 0.065625
0 0.928125 0.52578125 0.03671875 0.05703125
0 0.93671875 0.6359375 0.0390625 0.04296875
0 0.93515625 0.69609375 0.0453125 0.05390625
0 0.83203125 0.69453125 0.03203125 0.0625
0 0.8734375 0.76171875 0.03359375 0.065625
0 0.86171875 0.8875 0.05625 0.07109375
0 0.7078125 0.83125 0.0453125 0.06875
0 0.7109375 0.73984375 0.0453125 0.07421875
0 0.76640625 0.65390625 0.0453125 0.0625
0 0.76484375 0.60859375 0.0390625 0.04609375
0 0.7734375 0.48984375 0.03359375 0.065625
0 0.90390625 0.42265625 0.05 0.06875
0 0.959375 0.37734375 0.02890625 0.07421875
0 0.9015625 0.34296875 0.03203125 0.0515625
0 0.8578125 0.4296875 0.03515625 0.06015625
0 0.790625 0.4328125 0.03515625 0.05390625
0 0.7984375 0.3859375 0.03515625 0.05703125
0 0.85546875 0.296875 0.03046875 0.05703125
0 0.8984375 0.28828125 0.02578125 0.05703125
0 0.7296875 0.92421875 0.053125 0.07109375
0 0.79921875 0.84296875 0.053125 0.07421875
0 0.65234375 0.71171875 0.046875 0.07421875
0 0.69609375 0.6171875 0.03671875 0.0625
0 0.69453125 0.55 0.03671875 0.05390625
0 0.65703125 0.57734375 0.03671875 0.06875
0 0.625 0.66015625 0.040625 0.0515625
0 0.584375 0.84453125 0.053125 0.06015625
0 0.60703125 0.92265625 0.03359375 0.06875
0 0.53203125 0.96875 0.0421875 0.0625
0 0.5 0.86015625 0.03203125 0.0859375
0 0.45078125 0.896875 0.03359375 0.0859375
0 0.453125 0.7671875 0.0453125 0.07109375
0 0.4984375 0.72734375 0.03515625 0.0828125
0 0.55546875 0.6875 0.03671875 0.07109375
0 0.5421875 0.63828125 0.03515625 0.065625
0 0.58671875 0.5671875 0.03515625 0.06015625
0 0.63359375 0.496875 0.03203125 0.05703125
0 0.66953125 0.44453125 0.03203125 0.05390625
0 0.70078125 0.42421875 0.02421875 0.06015625
0 0.734375 0.35859375 0.02421875 0.0484375
0 0.753125 0.32578125 0.02578125 0.05703125
0 0.78828125 0.2984375 0.03046875 0.05390625
0 0.66328125 0.37578125 0.02890625 0.0484375
0 0.665625 0.3296875 0.03046875 0.05390625
0 0.61640625 0.38984375 0.02890625 0.0484375
0 0.55703125 0.39140625 0.03046875 0.0515625
0 0.55 0.5515625 0.03203125 0.0515625
0 0.5015625 0.55703125 0.02890625 0.0515625
0 0.4921875 0.60390625 0.02578125 0.06015625
0 0.4546875 0.60390625 0.0390625 0.07734375
0 0.428125 0.66015625 0.03046875 0.05703125
0 0.4671875 0.6875 0.03671875 0.06015625
0 0.32734375 0.8640625 0.0390625 0.07109375
0 0.37265625 0.81875 0.0390625 0.065625
0 0.40390625 0.6984375 0.040625 0.05390625
0 0.33359375 0.67890625 0.0390625 0.05390625
0 0.290625 0.80546875 0.0421875 0.04609375
0 0.24921875 0.7328125 0.040625 0.0484375
0 0.309375 0.60859375 0.03203125 0.06875
0 0.34765625 0.55 0.03671875 0.06015625
0 0.37109375 0.6203125 0.03515625 0.0625
0 0.4015625 0.57421875 0.02890625 0.0625
0 0.46328125 0.46875 0.03203125 0.0515625
0 0.5046875 0.40859375 0.03203125 0.05703125
0 0.4 0.5015625 0.03515625 0.06015625
0 0.37265625 0.51171875 0.03515625 0.05703125
0 0.30234375 0.55546875 0.02734375 0.0484375
0 0.2546875 0.54609375 0.03515625 0.0625
0 0.2546875 0.61171875 0.03515625 0.05703125
0 0.1921875 0.703125 0.0390625 0.06875
0 0.20703125 0.77890625 0.040625 0.07109375
0 0.2015625 0.95 0.0546875 0.065625
0 0.1359375 0.92421875 0.06328125 0.065625
0 0.1234375 0.83984375 0.040625 0.0625
0 0.1046875 0.7515625 0.0390625 0.07421875
0 0.0859375 0.6828125 0.03671875 0.0625
0 0.13515625 0.5859375 0.0390625 0.0625
0 0.20625 0.53828125 0.03203125 0.065625
0 0.24296875 0.41171875 0.03359375 0.07421875
0 0.28359375 0.37265625 0.02578125 0.065625
0 0.315625 0.41171875 0.02734375 0.04609375
0 0.34609375 0.41015625 0.02734375 0.05390625
0 0.37265625 0.39140625 0.02890625 0.05703125
0 0.403125 0.37734375 0.03203125 0.0515625
0 0.4484375 0.3203125 0.02578125 0.05703125
0 0.48671875 0.31171875 0.02890625 0.0515625
0 0.5171875 0.32578125 0.02421875 0.0515625
0 0.575 0.32578125 0.02421875 0.06875
0 0.590625 0.25546875 0.02265625 0.065625
0 0.53359375 0.22734375 0.02890625 0.05390625
0 0.503125 0.27421875 0.02890625 0.04609375
0 0.4515625 0.2859375 0.02578125 0.04609375
0 0.44609375 0.22265625 0.02421875 0.04609375
0 0.36015625 0.2359375 0.02421875 0.0484375
0 0.3421875 0.32421875 0.03515625 0.06015625
0 0.37578125 0.32421875 0.02578125 0.05390625
0 0.4171875 0.32890625 0.02109375 0.03984375
0 0.4 0.27734375 0.02890625 0.04609375
0 0.39765625 0.246875 0.02109375 0.04296875
0 0.38984375 0.1859375 0.02421875 0.0515625
0 0.41328125 0.17109375 0.02265625 0.0515625
0 0.30234375 0.30546875 0.02421875 0.05703125
0 0.31640625 0.2703125 0.02265625 0.0484375
0 0.3203125 0.2171875 0.02421875 0.04609375
0 0.26796875 0.29296875 0.02578125 0.0484375
0 0.24765625 0.34296875 0.02734375 0.04609375
0 0.103125 0.52109375 0.0390625 0.06015625
0 0.2 0.4171875 0.02265625 0.0515625
0 0.15859375 0.346875 0.03046875 0.0484375
0 0.18671875 0.353125 0.02578125 0.04296875
0 0.2109375 0.30390625 0.02578125 0.06015625
0 0.18984375 0.27578125 0.02734375 0.0484375
0 0.159375 0.2484375 0.02265625 0.0515625
0 0.1515625 0.3015625 0.02578125 0.0484375
0 0.12890625 0.27421875 0.02578125 0.04609375
0 0.11796875 0.32421875 0.02890625 0.05390625
0 0.05859375 0.353125 0.04375 0.05390625
0 0.09453125 0.41015625 0.03359375 0.06015625
0 0.04296875 0.4171875 0.040625 0.0625
0 0.05078125 0.5140625 0.03046875 0.05703125
0 0.06328125 0.57890625 0.0421875 0.07109375
0 0.0703125 0.296875 0.02734375 0.05703125
0 0.2078125 0.18828125 0.02265625 0.04609375
0 0.1953125 0.14453125 0.02578125 0.0375
0 0.1796875 0.16875 0.02734375 0.04609375
0 0.24140625 0.165625 0.02421875 0.03984375
0 0.29609375 0.20546875 0.02109375 0.04609375
0 0.33046875 0.165625 0.02265625 0.0515625
0 0.3609375 0.14140625 0.01953125 0.0484375
0 0.39375 0.11171875 0.01953125 0.03984375
0 0.43125 0.09140625 0.02109375 0.04609375
0 0.50234375 0.103125 0.02109375 0.04609375
0 0.53125 0.12421875 0.02734375 0.04296875
0 0.47109375 0.203125 0.02578125 0.03984375
0 0.43671875 0.0484375 0.02265625 0.034375
0 0.62265625 0.21171875 0.02265625 0.04609375
0 0.5828125 0.17734375 0.02109375 0.05703125
0 0.61796875 0.10390625 0.02578125 0.0375
0 0.59921875 0.0984375 0.01796875 0.0375
0 0.6953125 0.1484375 0.01953125 0.03984375
0 0.7328125 0.22265625 0.02734375 0.0515625
0 0.7578125 0.203125 0.02265625 0.04609375
0 0.8046875 0.1859375 0.02578125 0.05703125
0 0.82890625 0.22265625 0.03515625 0.0515625
0 0.871875 0.21875 0.02734375 0.06015625
0 0.89453125 0.20546875 0.02421875 0.05703125
0 0.9 0.2515625 0.03203125 0.04609375
0 0.9359375 0.25546875 0.03359375 0.05390625
0 0.96875 0.253125 0.03046875 0.065625
0 0.909375 0.15859375 0.02265625 0.05390625
0 0.91953125 0.10703125 0.02265625 0.05390625
0 0.94765625 0.09609375 0.03046875 0.04296875
0 0.9515625 0.14609375 0.02265625 0.04609375
0 0.9828125 0.17578125 0.02734375 0.05390625
0 0.83203125 0.1671875 0.02265625 0.05390625
0 0.86484375 0.15546875 0.02578125 0.0484375
0 0.85390625 0.12734375 0.02421875 0.0375
0 0.88125 0.11015625 0.02734375 0.0484375
0 0.86171875 0.07578125 0.02421875 0.0484375
0 0.83828125 0.06015625 0.02734375 0.05703125
0 0.8046875 0.115625 0.02265625 0.0484375
0 0.75078125 0.10859375 0.02734375 0.0515625
0 0.67109375 0.07734375 0.02578125 0.0515625
0 0.7109375 0.1171875 0.02578125 0.04609375
0 0.1453125 0.20859375 0.03515625 0.04609375
0 0.11484375 0.2 0.02890625 0.0515625