0 0.77578125 0.94140625 0.0203125 0.040625
0 0.87265625 0.8953125 0.01875 0.04296875
0 0.8578125 0.84296875 0.0203125 0.0453125
0 0.82265625 0.8671875 0.0234375 0.03828125
0 0.8015625 0.8453125 0.01875 0.040625
0 0.771875 0.82421875 0.0234375 0.0328125
0 0.74453125 0.8515625 0.021875 0.04296875
0 0.7265625 0.8859375 0.0234375 0.040625
0 0.71328125 0.859375 0.0203125 0.0484375
0 0.7234375 0.7453125 0.01875 0.03828125
0 0.7046875 0.7078125 0.015625 0.0328125
0 0.684375 0.7328125 0.021875 0.0484375
0 0.68671875 0.6734375 0.0203125 0.03515625
0 0.7140625 0.67734375 0.02734375 0.04296875
0 0.746875 0.68828125 0.0140625 0.0453125
0 0.821875 0.75859375 0.015625 0.03828125
0 0.8328125 0.76484375 0.0203125 0.03515625
0 0.79921875 0.7953125 0.0171875 0.03046875
0 0.6015625 0.984375 0.021875 0.03125
0 0.6078125 0.92265625 0.02734375 0.03828125
0 0.6171875 0.9046875 0.021875 0.028125
0 0.6125 0.88125 0.01875 0.040625
0 0.5859375 0.88203125 0.01875 0.04296875
0 0.5671875 0.8859375 0.0203125 0.0453125
0 0.578125 0.8328125 0.01875 0.040625
0 0.6 0.78359375 0.01875 0.04296875
0 0.63125 0.78359375 0.0203125 0.04296875
0 0.6484375 0.79609375 0.0203125 0.0328125
0 0.62734375 0.728125 0.01875 0.0328125
0 0.6421875 0.6671875 0.0140625 0.028125
0 0.59921875 0.721875 0.0140625 0.03515625
0 0.6078125 0.73203125 0.015625 0.03046875
0 0.75546875 0.5984375 0.015625 0.028125
0 0.6265625 0.625 0.0140625 0.025
0 0.5484375 0.79765625 0.0203125 0.03515625
0 0.5625 0.7078125 0.0171875 0.03828125
0 0.53046875 0.7390625 0.015625 0.03515625
0 0.5140625 0.7390625 0.015625 0.03515625
0 0.528125 0.80859375 0.0140625 0.0328125
0 0.4875 0.81640625 0.015625 0.0328125
0 0.45703125 0.83515625 0.01875 0.03515625
0 0.409375 0.87734375 0.01875 0.0328125
0 0.4 0.78984375 0.01875 0.040625
0 0.3671875 0.80390625 0.0140625 0.0328125
0 0.33125 0.81640625 0.0140625 0.0328125
0 0.334375 0.8609375 0.0171875 0.03515625
0 0.30703125 0.9015625 0.0203125 0.040625
0 0.278125 0.834375 0.015625 0.03828125
0 0.29296875 0.771875 0.0140625 0.03515625
0 0.2703125 0.89609375 0.0171875 0.03046875
0 0.33203125 0.77109375 0.015625 0.0328125
0 0.2046875 0.91484375 0.01875 0.0484375
0 0.20390625 0.8609375 0.0234375 0.0453125
0 0.18828125 0.825 0.0203125 0.040625
0 0.18515625 0.86953125 0.0203125 0.04296875
0 0.23515625 0.778125 0.01875 0.028125
0 0.234375 0.7453125 0.0140625 0.03828125
0 0.2125 0.7546875 0.015625 0.03046875
0 0.19609375 0.67109375 0.0171875 0.025
0 0.23671875 0.71796875 0.015625 0.028125
0 0.2484375 0.71171875 0.0171875 0.03515625
0 0.23125 0.59609375 0.0140625 0.028125
0 0.25703125 0.58828125 0.0125 0.0328125
0 0.25859375 0.540625 0.0125 0.028125
0 0.28046875 0.51875 0.0109375 0.025
0 0.40390625 0.7484375 0.0140625 0.028125
0 0.37734375 0.7484375 0.0171875 0.0328125
0 0.3671875 0.71640625 0.0171875 0.025
0 0.39375 0.71640625 0.01875 0.03515625
0 0.39296875 0.646875 0.0109375 0.028125
0 0.359375 0.5953125 0.0171875 0.03046875
0 0.38359375 0.5859375 0.0140625 0.028125
0 0.36875 0.56484375 0.0171875 0.03046875
0 0.325 0.61015625 0.0171875 0.03046875
0 0.2953125 0.61484375 0.015625 0.025
0 0.80234375 0.68828125 0.0140625 0.03046875
0 0.76171875 0.6875 0.015625 0.028125
0 0.45546875 0.6328125 0.01875 0.03046875
0 0.4796875 0.6125 0.015625 0.03046875
0 0.52421875 0.60390625 0.0171875 0.028125
0 0.57265625 0.5875 0.0125 0.025
0 0.5640625 0.63203125 0.0140625 0.02265625
0 0.59609375 0.55703125 0.0140625 0.025
0 0.62109375 0.55078125 0.0109375 0.0328125
0 0.43828125 0.57578125 0.015625 0.028125
0 0.45546875 0.54140625 0.01875 0.03515625
0 0.2765625 0.66171875 0.025 0.03828125
0 0.17578125 0.77734375 0.0203125 0.03515625
0 0.14609375 0.7515625 0.015625 0.03515625
0 0.16171875 0.63671875 0.015625 0.0328125
0 0.10234375 0.64921875 0.0140625 0.028125
0 0.07890625 0.671875 0.0140625 0.0328125
0 0.0765625 0.69609375 0.025 0.03046875