0 0.21875 0.7890625 0.04765625 0.0671875
0 0.29765625 0.5765625 0.03125 0.05234375
0 0.34765625 0.45625 0.0296875 0.0625
0 0.403125 0.3625 0.01953125 0.0546875
0 0.20625 0.4078125 0.028125 0.0453125
0 0.2734375 0.3375 0.01796875 0.03515625
0 0.32734375 0.28359375 0.0171875 0.0375
0 0.13515625 0.48984375 0.02421875 0.03984375
0 0.4234375 0.2984375 0.015625 0.0375
0 0.4546875 0.25234375 0.0125 0.0296875
0 0.47578125 0.22109375 0.0125 0.0328125
0 0.41328125 0.22109375 0.0140625 0.02734375
0 0.3921875 0.2359375 0.01796875 0.02734375
0 0.10546875 0.3671875 0.02265625 0.05
0 0.17734375 0.2984375 0.015625 0.0375
0 0.2375 0.2640625 0.0140625 0.0328125
0 0.284375 0.2328125 0.01796875 0.025
0 0.43828125 0.1890625 0.01953125 0.0328125
0 0.171875 0.1734375 0.02109375 0.0375