0 0.0703125 0.946875 0.0265625 0.02578125
0 0.13359375 0.953125 0.025 0.0171875
0 0.1171875 0.9703125 0.02578125 0.0203125
0 0.2 0.9875 0.02578125 0.015625
0 0.21796875 0.95 0.028125 0.015625
0 0.17109375 0.9375 0.025 0.015625
0 0.1046875 0.91875 0.025 0.0171875
0 0.07421875 0.87734375 0.025 0.01953125
0 0.03671875 0.8390625 0.025 0.0203125
0 0.10390625 0.8578125 0.02734375 0.0171875
0 0.13671875 0.87109375 0.02734375 0.02109375
0 0.1703125 0.8796875 0.02734375 0.01875
0 0.20390625 0.8921875 0.028125 0.0171875
0 0.24765625 0.9046875 0.0296875 0.01640625
0 0.2765625 0.91875 0.0265625 0.0171875
0 0.3453125 0.9390625 0.025 0.01953125
0 0.4046875 0.95078125 0.028125 0.0171875
0 0.25390625 0.9640625 0.02421875 0.02109375
0 0.28359375 0.971875 0.0265625 0.02421875
0 0.33984375 0.9875 0.02421875 0.0203125
0 0.38671875 0.990625 0.02109375 0.015625
0 0.04375 0.784375 0.0234375 0.0171875
0 0.07421875 0.79765625 0.02265625 0.01953125
0 0.1140625 0.8015625 0.02265625 0.0234375
0 0.14609375 0.82265625 0.02890625 0.0234375
0 0.1890625 0.8296875 0.02734375 0.02109375
0 0.209375 0.8453125 0.0265625 0.0203125
0 0.28203125 0.86875 0.028125 0.021875
0 0.315625 0.875 0.0296875 0.0203125
0 0.43984375 0.91328125 0.02734375 0.02265625
0 0.5078125 0.88359375 0.03046875 0.0203125
0 0.57578125 0.9109375 0.028125 0.01875
0 0.615625 0.9171875 0.02109375 0.01953125
0 0.68671875 0.903125 0.03203125 0.0203125
0 0.72578125 0.9109375 0.03046875 0.0234375
0 0.82890625 0.93046875 0.0328125 0.02109375
0 0.9328125 0.9109375 0.025 0.01484375
0 0.89375 0.90546875 0.02734375 0.021875
0 0.8640625 0.89609375 0.021875 0.01953125
0 0.83125 0.88984375 0.02734375 0.0171875
0 0.8015625 0.88515625 0.028125 0.0203125
0 0.771875 0.86796875 0.02109375 0.0203125
0 0.7328125 0.8640625 0.025 0.0203125
0 0.696875 0.8578125 0.02890625 0.0203125
0 0.5640625 0.81796875 0.025 0.0203125
0 0.39140625 0.7609375 0.02578125 0.0203125
0 0.21796875 0.75078125 0.0234375 0.01640625
0 0.41015625 0.6 0.025 0.0203125
0 0.30703125 0.77421875 0.0234375 0.021875
0 0.4859375 0.8296875 0.01953125 0.021875
0 0.41328125 0.80859375 0.0296875 0.0203125
0 0.24765625 0.75390625 0.0234375 0.01875
0 0.32890625 0.6875 0.02734375 0.015625
0 0.1796875 0.73125 0.025 0.01640625
0 0.14453125 0.7125 0.02421875 0.01953125
0 0.07734375 0.6890625 0.0265625 0.01484375
0 0.2484375 0.603125 0.02734375 0.02109375
0 0.1328125 0.6046875 0.02890625 0.0203125
0 0.1359375 0.55859375 0.02890625 0.0203125
0 0.2140625 0.5890625 0.025 0.02109375
0 0.06328125 0.6375 0.02578125 0.01953125
0 0.178125 0.515625 0.0265625 0.02265625
0 0.22109375 0.53984375 0.02578125 0.01875
0 0.253125 0.55234375 0.0296875 0.0234375
0 0.340625 0.58828125 0.02265625 0.02265625
0 0.47578125 0.62421875 0.02890625 0.01953125
0 0.50859375 0.64375 0.0296875 0.0203125
0 0.56875 0.66484375 0.02734375 0.0234375
0 0.60703125 0.67421875 0.02421875 0.02265625
0 0.63515625 0.68359375 0.028125 0.01640625
0 0.28359375 0.6078125 0.0328125 0.01640625
0 0.69140625 0.70546875 0.025 0.021875
0 0.721875 0.715625 0.02734375 0.025
0 0.76015625 0.72265625 0.0265625 0.01953125
0 0.78671875 0.734375 0.0359375 0.01953125
0 0.8828125 0.76171875 0.02109375 0.02109375
0 0.92734375 0.76484375 0.0265625 0.02265625
0 0.9640625 0.7765625 0.0265625 0.0203125
0 0.88984375 0.8015625 0.0265625 0.0203125
0 0.853125 0.79453125 0.02734375 0.02109375
0 0.51015625 0.7953125 0.025 0.0171875
0 0.353125 0.8140625 0.02890625 0.02109375
0 0.3390625 0.7921875 0.03359375 0.0171875
0 0.85625 0.6640625 0.03359375 0.02109375
0 0.7875 0.63359375 0.02890625 0.0203125
0 0.7234375 0.621875 0.0328125 0.0203125
0 0.68359375 0.6140625 0.0265625 0.0234375
0 0.61953125 0.5890625 0.0296875 0.0234375
0 0.5859375 0.584375 0.02109375 0.0234375
0 0.54609375 0.565625 0.0234375 0.01796875
0 0.50078125 0.54765625 0.0296875 0.0203125
0 0.39296875 0.50078125 0.02578125 0.01953125
0 0.26171875 0.44609375 0.02578125 0.01796875
0 0.21015625 0.42109375 0.02734375 0.0234375
0 0.16015625 0.39765625 0.02890625 0.021875
0 0.11953125 0.38125 0.02734375 0.01953125
0 0.078125 0.36953125 0.03046875 0.01953125
0 0.01484375 0.3859375 0.025 0.0234375
0 0.04375 0.40703125 0.028125 0.0234375
0 0.07578125 0.41484375 0.0296875 0.0265625
0 0.13671875 0.440625 0.0265625 0.01953125
0 0.1109375 0.49140625 0.03203125 0.0203125
0 0.146875 0.50078125 0.02421875 0.02109375
0 0.7578125 0.53671875 0.03515625 0.02578125
0 0.8234375 0.55703125 0.0265625 0.021875
0 0.8921875 0.5796875 0.03046875 0.02421875
0 0.97421875 0.603125 0.025 0.021875
0 0.69375 0.5203125 0.025 0.01796875
0 0.6328125 0.50234375 0.0265625 0.01953125
0 0.60234375 0.4828125 0.02109375 0.01953125
0 0.46015625 0.459375 0.02421875 0.02265625
0 0.42421875 0.4046875 0.02578125 0.025
0 0.41171875 0.4640625 0.02578125 0.02265625
0 0.35234375 0.42578125 0.028125 0.025
0 0.26875 0.3921875 0.028125 0.02109375
0 0.246875 0.3796875 0.02578125 0.02109375
0 0.2140625 0.37265625 0.0265625 0.0171875
0 0.17890625 0.353125 0.02421875 0.0203125
0 0.1578125 0.334375 0.02421875 0.01796875
0 0.128125 0.31875 0.021875 0.01953125
0 0.09296875 0.3 0.025 0.0234375
0 0.32109375 0.35546875 0.02421875 0.0203125
0 0.27890625 0.340625 0.025 0.0171875
0 0.2421875 0.32421875 0.02734375 0.0203125
0 0.13671875 0.278125 0.02421875 0.0171875
0 0.11796875 0.2578125 0.02421875 0.0203125
0 0.08984375 0.24375 0.021875 0.021875
0 0.075 0.22890625 0.02265625 0.0203125
0 0.04375 0.21640625 0.02734375 0.0171875
0 0.02734375 0.19921875 0.025 0.02265625
0 0.0203125 0.2515625 0.0234375 0.01640625
0 0.04296875 0.2703125 0.02265625 0.01796875
0 0.325 0.41953125 0.02421875 0.0203125
0 0.52890625 0.409375 0.02734375 0.01953125
0 0.4328125 0.3671875 0.0234375 0.0203125
0 0.39296875 0.346875 0.02890625 0.0203125
0 0.33671875 0.31328125 0.021875 0.015625
0 0.24375 0.26875 0.028125 0.0203125
0 0.19296875 0.240625 0.02734375 0.0171875
0 0.178125 0.265625 0.02578125 0.0171875
0 0.1359375 0.20859375 0.025 0.02109375
0 0.0984375 0.18359375 0.02265625 0.015625
0 0.0734375 0.16875 0.02578125 0.01953125
0 0.0359375 0.140625 0.02578125 0.0203125
0 0.31171875 0.296875 0.02578125 0.0265625
0 0.48203125 0.3796875 0.0203125 0.01640625
0 0.6296875 0.4453125 0.0234375 0.0171875
0 0.6640625 0.4609375 0.025 0.02109375
0 0.7015625 0.46953125 0.0265625 0.0171875
0 0.728125 0.47890625 0.02578125 0.01875
0 0.8171875 0.51171875 0.02890625 0.01875
0 0.7875 0.45390625 0.02109375 0.0171875
0 0.76484375 0.44296875 0.02109375 0.01953125
0 0.728125 0.434375 0.021875 0.01953125
0 0.6109375 0.38515625 0.025 0.02109375
0 0.49375 0.3359375 0.0203125 0.01875
0 0.428125 0.3078125 0.0234375 0.0171875
0 0.40390625 0.3015625 0.0234375 0.0203125
0 0.378125 0.2796875 0.0203125 0.021875
0 0.5671875 0.31953125 0.02109375 0.015625
0 0.48125 0.28125 0.02109375 0.015625
0 0.44609375 0.25859375 0.02265625 0.01796875
0 0.4171875 0.2453125 0.02265625 0.0203125
0 0.39765625 0.2234375 0.021875 0.01875
0 0.36015625 0.21796875 0.0265625 0.0203125
0 0.3265625 0.190625 0.0234375 0.01875
0 0.29296875 0.18125 0.01796875 0.0171875
0 0.2625 0.22265625 0.0234375 0.0171875
0 0.30703125 0.24765625 0.025 0.01640625
0 0.5140625 0.26015625 0.0265625 0.01875
0 0.56796875 0.26015625 0.01953125 0.015625
0 0.62890625 0.2859375 0.0265625 0.01875
0 0.7125 0.234375 0.02265625 0.0140625
0 0.62421875 0.196875 0.02265625 0.0140625
0 0.60625 0.18046875 0.01953125 0.015625
0 0.58046875 0.1625 0.02109375 0.0171875
0 0.55703125 0.15078125 0.021875 0.0171875
0 0.51328125 0.12421875 0.0234375 0.01953125
0 0.48359375 0.11328125 0.0234375 0.01640625
0 0.46484375 0.096875 0.02109375 0.01953125
0 0.42109375 0.0703125 0.0265625 0.0171875
0 0.375 0.0484375 0.02734375 0.01875
0 0.315625 0.009375 0.025 0.0171875
0 0.26796875 0.0390625 0.025 0.01875
0 0.253125 0.0234375 0.02265625 0.01875
0 0.375 0.10859375 0.02265625 0.0171875
0 0.3984375 0.1109375 0.02421875 0.01640625
0 0.4296875 0.13125 0.02109375 0.01640625
0 0.453125 0.15078125 0.02265625 0.0171875
0 0.50546875 0.1828125 0.021875 0.0203125
0 0.53515625 0.196875 0.0203125 0.01484375
0 0.55625 0.209375 0.0234375 0.01953125
0 0.61953125 0.1375 0.021875 0.01484375
0 0.596875 0.1203125 0.0203125 0.0171875
0 0.5578125 0.09296875 0.02109375 0.0140625
0 0.5265625 0.07421875 0.02265625 0.0171875
0 0.57265625 0.04609375 0.0234375 0.01953125
0 0.34296875 0.140625 0.0234375 0.01796875
0 0.1046875 0.121875 0.02421875 0.0171875
0 0.1796875 0.1125 0.0171875 0.01171875
0 0.24453125 0.09140625 0.021875 0.01484375
0 0.84765625 0.42265625 0.0234375 0.0203125
0 0.7921875 0.3328125 0.02109375 0.01953125
0 0.8484375 0.3765625 0.02578125 0.0171875
0 0.815625 0.3625 0.01953125 0.0234375
0 0.9109375 0.4 0.021875 0.021875
0 0.9796875 0.40859375 0.0265625 0.01875
0 0.9765625 0.36953125 0.0203125 0.015625
0 0.940625 0.3640625 0.021875 0.01640625
0 0.89296875 0.35078125 0.028125 0.0171875
0 0.86171875 0.334375 0.02421875 0.0171875
0 0.9640625 0.31015625 0.021875 0.01953125
0 0.8375 0.2828125 0.028125 0.01875
0 0.87265625 0.2015625 0.025 0.01640625
0 0.96328125 0.18125 0.0203125 0.0171875
0 0.809375 0.1359375 0.02578125 0.0203125
0 0.721875 0.1546875 0.02109375 0.0171875
0 0.775 0.18671875 0.0265625 0.0203125