0 0.6671875 0.85703125 0.03671875 0.0515625
0 0.72578125 0.85 0.0359375 0.05
0 0.7828125 0.82734375 0.0375 0.04921875
0 0.74921875 0.79609375 0.02109375 0.03515625
0 0.79921875 0.9609375 0.0296875 0.0421875
0 0.60078125 0.7375 0.0265625 0.03515625
0 0.70546875 0.70859375 0.02734375 0.040625
0 0.7734375 0.7 0.0265625 0.04453125
0 0.8375 0.69375 0.01953125 0.03515625
0 0.83046875 0.75546875 0.0375 0.04453125
0 0.865625 0.7421875 0.0234375 0.0421875
0 0.79609375 0.6671875 0.0265625 0.03671875
0 0.7328125 0.66640625 0.0265625 0.0328125
0 0.6953125 0.61328125 0.02578125 0.03984375
0 0.75078125 0.60390625 0.0296875 0.04609375
0 0.80859375 0.6046875 0.03125 0.0421875
0 0.85703125 0.6046875 0.0328125 0.04453125
0 0.85703125 0.6515625 0.03046875 0.040625
0 0.9671875 0.8640625 0.03125 0.04375
0 0.89453125 0.81875 0.03125 0.03828125
0 0.92109375 0.76171875 0.03046875 0.04609375
0 0.95546875 0.79140625 0.0265625 0.0421875
0 0.96953125 0.75390625 0.0328125 0.04375
0 0.96328125 0.68125 0.03046875 0.04453125
0 0.8921875 0.6625 0.0296875 0.04921875
0 0.9171875 0.64453125 0.02890625 0.03671875
0 0.9109375 0.6078125 0.0234375 0.03515625
0 0.97890625 0.5921875 0.02734375 0.03671875
0 0.89609375 0.5765625 0.03125 0.03515625
0 0.95078125 0.5578125 0.0375 0.040625
0 0.84140625 0.5703125 0.02578125 0.0296875
0 0.78515625 0.56015625 0.02578125 0.03828125
0 0.72734375 0.575 0.03125 0.04453125
0 0.7546875 0.525 0.0296875 0.04609375
0 0.81171875 0.50546875 0.03359375 0.05
0 0.86953125 0.5078125 0.0328125 0.04375
0 0.8609375 0.48125 0.02265625 0.03828125
0 0.9125 0.45390625 0.02734375 0.04765625
0 0.98125 0.45859375 0.0296875 0.040625
0 0.9640625 0.42890625 0.03046875 0.040625
0 0.8578125 0.42421875 0.0359375 0.04375
0 0.80859375 0.440625 0.0296875 0.04609375
0 0.77734375 0.44140625 0.03046875 0.04765625
0 0.75390625 0.43359375 0.0296875 0.03984375
0 0.715625 0.49375 0.03046875 0.04609375
0 0.6984375 0.53359375 0.0296875 0.0515625
0 0.64375 0.63828125 0.02578125 0.06015625
0 0.65078125 0.5671875 0.03359375 0.05703125
0 0.63828125 0.51171875 0.02734375 0.04921875
0 0.66484375 0.4796875 0.02578125 0.053125
0 0.603125 0.47265625 0.02421875 0.03671875
0 0.69375 0.44375 0.0265625 0.03515625
0 0.571875 0.5265625 0.0359375 0.04375
0 0.5875 0.63359375 0.02578125 0.0421875
0 0.53359375 0.61640625 0.02265625 0.03515625
0 0.53046875 0.64765625 0.0296875 0.040625
0 0.47421875 0.65078125 0.02890625 0.03984375
0 0.4625 0.7234375 0.0296875 0.04453125
0 0.5125 0.73203125 0.03046875 0.0515625
0 0.57578125 0.9390625 0.03046875 0.04921875
0 0.49921875 0.86015625 0.03359375 0.04765625
0 0.4484375 0.85234375 0.03984375 0.05
0 0.390625 0.84609375 0.034375 0.04609375
0 0.3359375 0.871875 0.0359375 0.040625
0 0.27734375 0.84921875 0.03046875 0.05703125
0 0.3 0.77109375 0.02890625 0.04375
0 0.35390625 0.76015625 0.02109375 0.034375
0 0.30703125 0.72890625 0.02265625 0.02890625
0 0.315625 0.69609375 0.02890625 0.034375
0 0.20234375 0.740625 0.03125 0.05546875
0 0.23515625 0.79296875 0.0296875 0.03828125
0 0.22890625 0.87265625 0.0234375 0.03671875
0 0.2359375 0.95 0.03046875 0.0421875
0 0.16875 0.96875 0.03046875 0.03828125
0 0.15390625 0.934375 0.02890625 0.03671875
0 0.1109375 0.9625 0.03046875 0.04453125
0 0.084375 0.96015625 0.0265625 0.04609375
0 0.0828125 0.8765625 0.0296875 0.0421875
0 0.13046875 0.878125 0.03046875 0.05
0 0.17421875 0.86328125 0.0375 0.04453125
0 0.1875 0.778125 0.02734375 0.04375
0 0.1296875 0.77734375 0.0265625 0.03125
0 0.11484375 0.83828125 0.02578125 0.040625
0 0.02734375 0.8859375 0.0296875 0.0546875
0 0.0265625 0.834375 0.02265625 0.03671875
0 0.01328125 0.78671875 0.02421875 0.04921875
0 0.065625 0.6953125 0.03125 0.03828125
0 0.14765625 0.72265625 0.03125 0.04921875
0 0.11640625 0.64140625 0.02265625 0.04453125
0 0.059375 0.6609375 0.0375 0.04375
0 0.01796875 0.6609375 0.0296875 0.0296875
0 0.0140625 0.709375 0.0265625 0.034375
0 0.28125 0.65078125 0.0234375 0.034375
0 0.30390625 0.62734375 0.0234375 0.040625
0 0.3359375 0.6546875 0.02578125 0.04609375
0 0.3234375 0.5703125 0.0203125 0.03515625
0 0.27265625 0.5765625 0.02421875 0.03828125
0 0.21484375 0.49375 0.03125 0.04609375
0 0.134375 0.528125 0.03046875 0.03515625
0 0.12890625 0.571875 0.03125 0.0421875
0 0.07734375 0.57578125 0.03046875 0.040625
0 0.08125 0.52890625 0.0296875 0.0421875
0 0.0234375 0.58359375 0.0265625 0.03828125
0 0.02421875 0.5359375 0.02578125 0.0328125
0 0.02734375 0.5125 0.03125 0.04453125
0 0.05390625 0.471875 0.03125 0.0515625
0 0.10546875 0.47421875 0.02890625 0.04765625
0 0.1578125 0.4734375 0.02890625 0.04609375
0 0.33671875 0.45 0.0265625 0.04453125
0 0.28203125 0.446875 0.03125 0.03671875
0 0.240625 0.44375 0.03046875 0.04921875
0 0.159375 0.41328125 0.02578125 0.05
0 0.12109375 0.37890625 0.03046875 0.034375
0 0.06015625 0.38125 0.0390625 0.0421875
0 0.009375 0.390625 0.0171875 0.04375
0 0.16640625 0.3421875 0.034375 0.03984375
0 0.1734375 0.37421875 0.03046875 0.0328125
0 0.2171875 0.340625 0.0328125 0.0421875
0 0.24296875 0.36953125 0.02421875 0.03125
0 0.2640625 0.334375 0.02734375 0.03984375
0 0.28828125 0.36875 0.02734375 0.03828125
0 0.31015625 0.37890625 0.02890625 0.0421875
0 0.11171875 0.3390625 0.0234375 0.040625
0 0.159375 0.31171875 0.0234375 0.03828125
0 0.1390625 0.28125 0.02421875 0.034375
0 0.08359375 0.2765625 0.0265625 0.0328125
0 0.02265625 0.27109375 0.02734375 0.040625
0 0.0859375 0.2390625 0.0296875 0.03984375
0 0.1453125 0.209375 0.02734375 0.0328125
0 0.19609375 0.2359375 0.02421875 0.034375
0 0.22265625 0.27421875 0.0328125 0.034375
0 0.23828125 0.2375 0.01953125 0.03125
0 0.27578125 0.2765625 0.02890625 0.0421875
0 0.31953125 0.30234375 0.0421875 0.03984375
0 0.33125 0.2828125 0.02890625 0.03828125
0 0.34453125 0.21875 0.0265625 0.04453125
0 0.2875 0.21875 0.03046875 0.0328125
0 0.22734375 0.18515625 0.0265625 0.04375
0 0.18046875 0.18125 0.03046875 0.02578125
0 0.1375 0.18515625 0.0296875 0.0296875
0 0.08125 0.19375 0.03046875 0.04453125
0 0.04765625 0.15546875 0.03046875 0.04375
0 0.02421875 0.196875 0.02890625 0.03984375
0 0.02734375 0.109375 0.02578125 0.034375
0 0.02578125 0.08515625 0.0234375 0.034375
0 0.01015625 0.06796875 0.01875 0.0328125
0 0.06171875 0.053125 0.0296875 0.0328125
0 0.071875 0.08046875 0.0296875 0.03828125
0 0.0765625 0.11328125 0.03046875 0.034375
0 0.115625 0.084375 0.02734375 0.03515625
0 0.12578125 0.10703125 0.0328125 0.03671875
0 0.14453125 0.1421875 0.02109375 0.0234375
0 0.171875 0.1015625 0.0234375 0.03125
0 0.15390625 0.06484375 0.0265625 0.03671875
0 0.19765625 0.06953125 0.0203125 0.0296875
0 0.21484375 0.0875 0.0296875 0.02578125
0 0.2421875 0.134375 0.03046875 0.03828125
0 0.19296875 0.12890625 0.02890625 0.03125
0 0.2875 0.1265625 0.02421875 0.0328125
0 0.278125 0.1859375 0.03125 0.03671875
0 0.32109375 0.1859375 0.03125 0.034375
0 0.3390625 0.10625 0.02734375 0.040625
0 0.315625 0.078125 0.0296875 0.0421875
0 0.32890625 0.0578125 0.02734375 0.03671875
0 0.2890625 0.05703125 0.02421875 0.0296875
0 0.26953125 0.08046875 0.034375 0.040625
0 0.2484375 0.0578125 0.03125 0.04453125
0 0.1640625 0.02265625 0.0265625 0.03984375
0 0.2140625 0.03515625 0.0296875 0.04375
0 0.12421875 0.021875 0.03359375 0.040625
0 0.0671875 0.01875 0.034375 0.034375
0 0.01875 0.0265625 0.03046875 0.03671875
0 0.415625 0.65078125 0.02734375 0.03984375
0 0.39453125 0.578125 0.02734375 0.04375
0 0.3671875 0.63125 0.03125 0.040625
0 0.34765625 0.53046875 0.02578125 0.040625
0 0.39375 0.5 0.03671875 0.053125
0 0.44921875 0.56015625 0.02578125 0.0421875
0 0.48828125 0.5421875 0.0234375 0.0421875
0 0.5078125 0.5671875 0.0234375 0.040625
0 0.4765625 0.6203125 0.034375 0.03515625
0 0.4921875 0.4578125 0.03671875 0.04765625
0 0.43046875 0.36953125 0.0296875 0.04453125
0 0.37734375 0.36953125 0.04296875 0.0421875
0 0.51796875 0.37734375 0.0296875 0.05546875
0 0.503125 0.325 0.03046875 0.04375
0 0.5625 0.3234375 0.034375 0.04453125
0 0.6078125 0.3140625 0.02421875 0.03828125
0 0.60390625 0.4203125 0.03046875 0.04375
0 0.6328125 0.43203125 0.03671875 0.0421875
0 0.68125 0.3984375 0.0296875 0.03515625
0 0.74453125 0.37109375 0.0234375 0.04375
0 0.759375 0.35625 0.0203125 0.03515625
0 0.790625 0.33984375 0.03359375 0.04375
0 0.79375 0.37890625 0.03125 0.0421875
0 0.84921875 0.3921875 0.03125 0.04375
0 0.90625 0.37890625 0.0296875 0.0421875
0 0.934375 0.31875 0.03046875 0.03515625
0 0.98203125 0.3296875 0.02734375 0.05
0 0.97265625 0.40078125 0.03046875 0.05
0 0.88046875 0.33203125 0.0328125 0.03828125
0 0.846875 0.31328125 0.03671875 0.04765625
0 0.87578125 0.26875 0.0234375 0.0421875
0 0.8328125 0.259375 0.0328125 0.04453125
0 0.7765625 0.259375 0.03671875 0.03671875
0 0.71875 0.303125 0.040625 0.04375
0 0.6671875 0.31328125 0.02734375 0.03984375
0 0.659375 0.27109375 0.02578125 0.03671875
0 0.915625 0.28671875 0.01875 0.0328125
0 0.87109375 0.3078125 0.02421875 0.03125
0 0.93125 0.27578125 0.02578125 0.03671875
0 0.96875 0.28046875 0.02734375 0.040625
0 0.98515625 0.24609375 0.0296875 0.03828125
0 0.97265625 0.21875 0.0265625 0.040625
0 0.93515625 0.2046875 0.0296875 0.03984375
0 0.890625 0.20234375 0.02734375 0.034375
0 0.834375 0.2046875 0.0296875 0.03671875
0 0.7765625 0.18671875 0.0265625 0.04453125
0 0.7171875 0.2015625 0.02890625 0.040625
0 0.665625 0.19375 0.02109375 0.03671875
0 0.9328125 0.17265625 0.02421875 0.040625
0 0.94609375 0.15703125 0.0203125 0.03671875
0 0.98671875 0.18203125 0.0265625 0.0359375
0 0.990625 0.14296875 0.01875 0.04609375
0 0.98359375 0.08828125 0.02890625 0.03828125
0 0.97265625 0.0546875 0.0296875 0.040625
0 0.9375 0.084375 0.03046875 0.040625
0 0.89609375 0.11015625 0.0265625 0.04609375
0 0.85703125 0.0984375 0.034375 0.04453125
0 0.89375 0.07109375 0.0296875 0.04453125
0 0.8125 0.0234375 0.0359375 0.03828125
0 0.77421875 0.02578125 0.03046875 0.04375
0 0.77109375 0.08203125 0.03984375 0.04765625
0 0.7328125 0.096875 0.0265625 0.02734375
0 0.67734375 0.11015625 0.040625 0.03828125
0 0.69453125 0.07265625 0.02890625 0.03984375
0 0.72890625 0.01875 0.03359375 0.034375
0 0.68984375 0.021875 0.02421875 0.0296875
0 0.6546875 0.03984375 0.0296875 0.034375
0 0.64453125 0.07109375 0.03671875 0.0421875
0 0.64765625 0.146875 0.0296875 0.03515625
0 0.621875 0.2046875 0.02734375 0.03984375
0 0.6140625 0.265625 0.0359375 0.0546875
0 0.55078125 0.26953125 0.02890625 0.04609375
0 0.5734375 0.18515625 0.02890625 0.03828125
0 0.59296875 0.1453125 0.02421875 0.0328125
0 0.6234375 0.11953125 0.034375 0.03828125
0 0.596875 0.09296875 0.02421875 0.03984375
0 0.55078125 0.08671875 0.03671875 0.03828125
0 0.38515625 0.265625 0.0375 0.03671875
0 0.415625 0.19765625 0.0296875 0.02734375
0 0.36640625 0.17890625 0.03046875 0.04453125
0 0.4765625 0.21875 0.04453125 0.03828125
0 0.52734375 0.19296875 0.0359375 0.03828125
0 0.49375 0.03125 0.03046875 0.03515625
0 0.5578125 0.02890625 0.03125 0.03828125
0 0.6015625 0.02109375 0.02109375 0.03984375
0 0.453125 0.06171875 0.034375 0.04453125
0 0.43046875 0.09765625 0.03359375 0.04765625
0 0.390625 0.11015625 0.0265625 0.03828125
0 0.36953125 0.06953125 0.02734375 0.03828125
0 0.3828125 0.0515625 0.0296875 0.04375