0 0.9875 0.871875 0.01875 0.0359375
0 0.92578125 0.85859375 0.01953125 0.0296875
0 0.9125 0.86953125 0.01875 0.0328125
0 0.903125 0.83359375 0.0265625 0.0375
0 0.871875 0.85390625 0.01796875 0.03984375
0 0.81875 0.8609375 0.0203125 0.0375
0 0.78828125 0.80546875 0.015625 0.025
0 0.8296875 0.7484375 0.0140625 0.02421875
0 0.7671875 0.8421875 0.0171875 0.0328125
0 0.9921875 0.76171875 0.01484375 0.0265625
0 0.88359375 0.728125 0.0171875 0.03125
0 0.91171875 0.67734375 0.0203125 0.0296875
0 0.8921875 0.64609375 0.01015625 0.02109375
0 0.86015625 0.6296875 0.0125 0.02109375
0 0.86796875 0.60703125 0.0125 0.0171875
0 0.8296875 0.61796875 0.015625 0.02109375
0 0.8015625 0.621875 0.015625 0.01796875
0 0.825 0.646875 0.0125 0.021875
0 0.8296875 0.6734375 0.01328125 0.02265625
0 0.78984375 0.65078125 0.0203125 0.02421875
0 0.97890625 0.640625 0.0125 0.01875
0 0.97890625 0.62265625 0.01171875 0.01953125
0 0.98359375 0.603125 0.01015625 0.021875
0 0.99296875 0.609375 0.00859375 0.0171875
0 0.9234375 0.60234375 0.0125 0.01640625
0 0.896875 0.60625 0.0140625 0.0171875
0 0.97109375 0.58515625 0.01171875 0.01796875
0 0.9734375 0.565625 0.01015625 0.01640625
0 0.95859375 0.55703125 0.01015625 0.0171875
0 0.95 0.5671875 0.01015625 0.01484375
0 0.8765625 0.5703125 0.009375 0.01484375
0 0.92265625 0.54296875 0.009375 0.01640625
0 0.9484375 0.53359375 0.0109375 0.015625
0 0.9625 0.53125 0.00625 0.01484375
0 0.97109375 0.53125 0.009375 0.015625
0 0.98046875 0.52734375 0.00859375 0.01875
0 0.934375 0.5203125 0.00859375 0.01796875
0 0.91640625 0.51328125 0.009375 0.015625
0 0.90625 0.5234375 0.009375 0.01640625
0 0.8875 0.5078125 0.009375 0.015625
0 0.8671875 0.51171875 0.01015625 0.01640625
0 0.78828125 0.7046875 0.0125 0.0171875
0 0.7609375 0.69921875 0.01171875 0.01796875
0 0.75546875 0.66171875 0.0125 0.01640625
0 0.740625 0.7109375 0.0140625 0.0234375
0 0.6953125 0.71484375 0.015625 0.01953125
0 0.696875 0.73515625 0.01640625 0.0265625
0 0.659375 0.7625 0.01640625 0.0234375
0 0.65 0.74453125 0.01640625 0.021875
0 0.65390625 0.71953125 0.015625 0.02578125
0 0.65390625 0.684375 0.01484375 0.0234375
0 0.6609375 0.6625 0.0125 0.0171875
0 0.653125 0.609375 0.009375 0.0203125
0 0.640625 0.6078125 0.01171875 0.01953125
0 0.67109375 0.58984375 0.0125 0.0203125
0 0.68984375 0.590625 0.00546875 0.01796875
0 0.703125 0.58671875 0.01171875 0.01875
0 0.7140625 0.5828125 0.00859375 0.01484375
0 0.71171875 0.5671875 0.009375 0.015625
0 0.71171875 0.553125 0.00859375 0.0171875
0 0.70390625 0.528125 0.00859375 0.0140625
0 0.725 0.54140625 0.00703125 0.0140625
0 0.73046875 0.5546875 0.00625 0.0140625
0 0.73984375 0.5453125 0.00703125 0.0140625
0 0.74765625 0.5390625 0.00859375 0.0140625
0 0.7671875 0.54609375 0.00859375 0.0203125
0 0.7828125 0.54609375 0.00859375 0.01640625
0 0.7875 0.56015625 0.00859375 0.01484375
0 0.80078125 0.49921875 0.00625 0.01328125
0 0.79296875 0.5046875 0.0078125 0.01328125
0 0.78046875 0.503125 0.00859375 0.01171875
0 0.76875 0.5015625 0.00859375 0.01328125
0 0.75859375 0.5046875 0.00859375 0.01171875
0 0.73984375 0.50078125 0.009375 0.01171875
0 0.75234375 0.8234375 0.01640625 0.0265625
0 0.69296875 0.85 0.0203125 0.028125
0 0.6703125 0.87421875 0.01796875 0.03046875
0 0.7578125 0.98515625 0.02265625 0.0296875
0 0.6484375 0.95390625 0.01953125 0.03828125
0 0.5796875 0.925 0.01953125 0.0328125
0 0.6390625 0.8703125 0.0171875 0.02890625
0 0.59921875 0.815625 0.015625 0.0296875
0 0.58359375 0.81640625 0.0140625 0.02421875
0 0.53984375 0.796875 0.02109375 0.03046875
0 0.53515625 0.82265625 0.0140625 0.03046875
0 0.56171875 0.8609375 0.01875 0.0328125
0 0.59140625 0.88125 0.0171875 0.03671875
0 0.553125 0.9390625 0.01953125 0.03515625
0 0.509375 0.89453125 0.021875 0.0375
0 0.44765625 0.89296875 0.01953125 0.0328125
0 0.44453125 0.940625 0.01875 0.03984375
0 0.4328125 0.8390625 0.01640625 0.02890625
0 0.459375 0.8234375 0.015625 0.02890625
0 0.4765625 0.81171875 0.0203125 0.021875
0 0.48359375 0.77421875 0.0140625 0.025
0 0.4484375 0.79296875 0.0140625 0.0265625
0 0.434375 0.74375 0.01328125 0.025
0 0.3921875 0.896875 0.0171875 0.0328125
0 0.3765625 0.87734375 0.0140625 0.028125
0 0.34453125 0.80703125 0.0171875 0.025
0 0.34140625 0.784375 0.01640625 0.025
0 0.3796875 0.765625 0.01484375 0.028125
0 0.37734375 0.73515625 0.0125 0.025
0 0.3171875 0.88984375 0.01328125 0.02421875
0 0.30859375 0.915625 0.0265625 0.03515625
0 0.33984375 0.878125 0.01796875 0.03125
0 0.26796875 0.853125 0.01953125 0.0296875
0 0.26640625 0.9015625 0.01640625 0.0265625
0 0.2828125 0.92734375 0.01953125 0.0296875
0 0.26640625 0.9796875 0.0203125 0.040625
0 0.2109375 0.965625 0.021875 0.03671875
0 0.21875 0.89453125 0.01640625 0.03203125
0 0.18671875 0.92734375 0.0203125 0.03671875
0 0.20859375 0.83671875 0.01796875 0.02734375
0 0.2375 0.821875 0.01328125 0.02734375
0 0.253125 0.7953125 0.0171875 0.0296875
0 0.25703125 0.74609375 0.01953125 0.02421875
0 0.14296875 0.90546875 0.0203125 0.0328125
0 0.15546875 0.796875 0.01640625 0.02578125
0 0.1859375 0.81328125 0.01796875 0.028125
0 0.1140625 0.75546875 0.0171875 0.02734375
0 0.0734375 0.803125 0.01796875 0.02578125
0 0.07734375 0.82734375 0.015625 0.02734375
0 0.075 0.86953125 0.01953125 0.034375
0 0.04375 0.77890625 0.01640625 0.02578125
0 0.0609375 0.734375 0.0140625 0.02265625
0 0.18203125 0.71015625 0.01484375 0.02734375
0 0.20390625 0.69296875 0.01328125 0.021875
0 0.19375 0.7421875 0.01484375 0.0203125
0 0.0328125 0.72421875 0.01484375 0.025
0 0.13671875 0.6953125 0.01640625 0.0265625
0 0.14375 0.6796875 0.01484375 0.02265625
0 0.184375 0.68359375 0.01484375 0.0234375
0 0.2125 0.675 0.0109375 0.021875
0 0.228125 0.653125 0.0125 0.021875
0 0.18359375 0.65 0.0140625 0.02265625
0 0.0328125 0.6765625 0.01171875 0.02265625
0 0.0328125 0.6625 0.0140625 0.0234375
0 0.059375 0.65625 0.0140625 0.028125
0 0.1921875 0.57265625 0.0125 0.015625
0 0.1609375 0.596875 0.01328125 0.0171875
0 0.14296875 0.61328125 0.0109375 0.0171875
0 0.11171875 0.60703125 0.0125 0.02265625
0 0.0828125 0.6171875 0.0109375 0.02109375
0 0.0734375 0.609375 0.0109375 0.01953125
0 0.0625 0.615625 0.0109375 0.01796875
0 0.0515625 0.61796875 0.0125 0.01484375
0 0.04765625 0.60390625 0.0125 0.0203125
0 0.0671875 0.58359375 0.0109375 0.015625
0 0.06640625 0.57109375 0.0125 0.0140625
0 0.084375 0.56328125 0.0140625 0.01796875
0 0.03671875 0.57890625 0.01171875 0.01640625
0 0.046875 0.5703125 0.009375 0.01796875
0 0.003125 0.609375 0.00625 0.01484375
0 0.01875 0.5578125 0.0109375 0.01796875
0 0.13828125 0.5421875 0.00859375 0.01796875
0 0.13203125 0.534375 0.00859375 0.01640625
0 0.11015625 0.54296875 0.009375 0.015625
0 0.1140625 0.571875 0.00859375 0.015625
0 0.10703125 0.496875 0.0078125 0.01171875
0 0.13984375 0.48828125 0.00859375 0.0140625
0 0.1453125 0.48515625 0.0046875 0.015625
0 0.1609375 0.4828125 0.0078125 0.0140625
0 0.171875 0.5046875 0.0078125 0.01171875
0 0.05234375 0.53515625 0.0109375 0.0109375
0 0.04921875 0.5296875 0.00703125 0.009375
0 0.05625 0.51484375 0.00625 0.0140625
0 0.02421875 0.51171875 0.00859375 0.01171875
0 0.01640625 0.5328125 0.0109375 0.015625
0 0.23671875 0.5640625 0.01015625 0.01796875
0 0.2375 0.53203125 0.0078125 0.0125
0 0.2359375 0.52265625 0.0078125 0.01484375
0 0.22890625 0.52265625 0.0078125 0.01796875
0 0.259375 0.53125 0.00859375 0.01484375
0 0.25625 0.51875 0.01015625 0.0140625
0 0.3 0.5046875 0.00703125 0.0140625
0 0.2859375 0.5625 0.0109375 0.01328125
0 0.29140625 0.57421875 0.00859375 0.015625
0 0.3078125 0.49921875 0.0078125 0.01328125
0 0.3265625 0.50546875 0.00703125 0.0125
0 0.284375 0.47734375 0.00703125 0.0125
0 0.27265625 0.49140625 0.00625 0.01015625
0 0.2734375 0.484375 0.00703125 0.01015625
0 0.26171875 0.48203125 0.00625 0.009375
0 0.2515625 0.48203125 0.00703125 0.0109375
0 0.30859375 0.56328125 0.00859375 0.0140625
0 0.33359375 0.5921875 0.0109375 0.015625
0 0.3046875 0.55390625 0.009375 0.015625
0 0.30703125 0.53515625 0.009375 0.015625
0 0.2578125 0.65 0.01328125 0.021875
0 0.31015625 0.6421875 0.01171875 0.01875
0 0.303125 0.71171875 0.015625 0.02734375
0 0.2515625 0.71875 0.0171875 0.0234375
0 0.353125 0.621875 0.0109375 0.01953125
0 0.36484375 0.56484375 0.0125 0.01875
0 0.3796875 0.58671875 0.01171875 0.01953125
0 0.36796875 0.63203125 0.0125 0.0203125
0 0.3625 0.646875 0.01171875 0.0171875
0 0.46171875 0.65234375 0.0140625 0.021875
0 0.446875 0.63203125 0.009375 0.0171875
0 0.4421875 0.61796875 0.01015625 0.01796875
0 0.43828125 0.603125 0.01015625 0.015625
0 0.4640625 0.59453125 0.00859375 0.0171875
0 0.39453125 0.57890625 0.01015625 0.01640625
0 0.41171875 0.571875 0.009375 0.021875
0 0.3921875 0.53828125 0.009375 0.01484375
0 0.43046875 0.509375 0.00703125 0.0140625
0 0.40625 0.50859375 0.009375 0.0125
0 0.41875 0.51328125 0.0078125 0.015625
0 0.42265625 0.509375 0.00625 0.01328125
0 0.465625 0.5359375 0.00703125 0.0140625
0 0.4640625 0.5125 0.00859375 0.01328125
0 0.478125 0.54375 0.009375 0.01484375
0 0.4765625 0.528125 0.00703125 0.0140625
0 0.478125 0.51328125 0.00703125 0.01171875
0 0.48046875 0.52109375 0.00703125 0.01328125
0 0.4765625 0.58125 0.01171875 0.01953125
0 0.48828125 0.56953125 0.01015625 0.015625
0 0.4890625 0.5421875 0.00859375 0.01484375
0 0.5078125 0.54609375 0.0109375 0.01640625
0 0.54609375 0.55234375 0.009375 0.01484375
0 0.534375 0.59921875 0.01015625 0.01484375
0 0.53828125 0.58671875 0.009375 0.015625
0 0.4984375 0.6390625 0.01796875 0.02265625
0 0.553125 0.64765625 0.01171875 0.02109375
0 0.5375 0.65625 0.0125 0.01953125
0 0.58125 0.615625 0.0109375 0.01875
0 0.54453125 0.68515625 0.015625 0.0265625
0 0.578125 0.6953125 0.0125 0.021875
0 0.58984375 0.6375 0.0125 0.02109375
0 0.59609375 0.628125 0.009375 0.01953125
0 0.62421875 0.615625 0.01171875 0.01484375
0 0.6296875 0.62421875 0.01015625 0.01484375
0 0.5734375 0.53125 0.00859375 0.01328125
0 0.57734375 0.49609375 0.00703125 0.01328125
0 0.590625 0.49296875 0.00859375 0.01328125
0 0.6015625 0.51171875 0.00859375 0.01171875
0 0.61640625 0.52109375 0.00859375 0.0125
0 0.54765625 0.5171875 0.00859375 0.01171875
0 0.55234375 0.5015625 0.00703125 0.01171875
0 0.5359375 0.5015625 0.009375 0.01171875
0 0.52109375 0.48125 0.0046875 0.00703125
0 0.53125 0.45703125 0.00546875 0.009375
0 0.55703125 0.46171875 0.00625 0.009375
0 0.559375 0.46640625 0.00546875 0.0078125
0 0.5640625 0.46015625 0.0046875 0.009375
0 0.571875 0.459375 0.00546875 0.0078125
0 0.6234375 0.46875 0.00546875 0.009375
0 0.5296875 0.434375 0.00546875 0.009375
0 0.5234375 0.4625 0.0046875 0.009375
0 0.8421875 0.50234375 0.0078125 0.0125
0 0.8296875 0.49296875 0.0078125 0.0109375
0 0.83359375 0.475 0.00546875 0.009375
0 0.8421875 0.471875 0.00625 0.01015625
0 0.86328125 0.47578125 0.00625 0.00859375
0 0.95703125 0.51484375 0.00703125 0.01171875
0 0.9484375 0.50234375 0.0078125 0.0125
0 0.92265625 0.47421875 0.00625 0.00859375
0 0.92734375 0.47109375 0.00546875 0.00859375
0 0.9390625 0.45625 0.0046875 0.00703125
0 0.453125 0.47734375 0.00625 0.00859375
0 0.44453125 0.46796875 0.00546875 0.0078125
0 0.45078125 0.44140625 0.0046875 0.0078125
0 0.43203125 0.4484375 0.00625 0.0078125
0 0.403125 0.45 0.0046875 0.00703125
0 0.37421875 0.46328125 0.00625 0.00859375
0 0.36875 0.478125 0.00546875 0.009375
0 0.35625 0.4734375 0.0046875 0.00703125
0 0.34453125 0.4953125 0.00625 0.01171875
0 0.3375 0.49765625 0.00703125 0.0109375
0 0.3359375 0.5125 0.00703125 0.01171875