0 0.06328125 0.5578125 0.04296875 0.06953125
0 0.0484375 0.64140625 0.03984375 0.08671875
0 0.0515625 0.734375 0.04609375 0.08203125
0 0.0453125 0.8671875 0.05625 0.08203125
0 0.02578125 0.9359375 0.03359375 0.0859375
0 0.0953125 0.63046875 0.04296875 0.0609375
0 0.10234375 0.78671875 0.0359375 0.06484375
0 0.1078125 0.85078125 0.04296875 0.0671875
0 0.09765625 0.95625 0.03984375 0.0765625
0 0.15390625 0.89921875 0.03359375 0.0796875
0 0.1921875 0.81953125 0.046875 0.07890625
0 0.15703125 0.74609375 0.0421875 0.078125
0 0.1484375 0.59765625 0.03515625 0.06953125
0 0.01328125 0.50703125 0.0265625 0.08046875
0 0.01015625 0.7546875 0.01875 0.065625
0 0.04375 0.46171875 0.03046875 0.07421875
0 0.05546875 0.35 0.0359375 0.071875
0 0.021875 0.28984375 0.0375 0.08671875
0 0.065625 0.19375 0.03203125 0.07734375
0 0.0296875 0.115625 0.03359375 0.07734375
0 0.0953125 0.0875 0.0296875 0.06796875
0 0.1421875 0.33203125 0.03515625 0.06953125
0 0.09140625 0.3109375 0.03046875 0.0828125
0 0.14375 0.215625 0.034375 0.059375
0 0.2 0.26015625 0.03828125 0.07578125
0 0.165625 0.4328125 0.034375 0.071875
0 0.2359375 0.59296875 0.03671875 0.08671875
0 0.2328125 0.67265625 0.03828125 0.078125
0 0.2609375 0.7625 0.0421875 0.07890625
0 0.32265625 0.82734375 0.040625 0.08203125
0 0.26875 0.93671875 0.03828125 0.09296875
0 0.2234375 0.95625 0.05 0.0765625
0 0.30390625 0.728125 0.03828125 0.0765625
0 0.2671875 0.4921875 0.0375 0.0828125
0 0.3078125 0.3296875 0.03828125 0.0828125
0 0.33828125 0.27890625 0.03046875 0.096875
0 0.24765625 0.35 0.0375 0.08203125
0 0.303125 0.17734375 0.03515625 0.084375
0 0.21015625 0.1578125 0.03203125 0.08203125
0 0.221875 0.04921875 0.040625 0.0796875
0 0.27734375 0.0890625 0.03515625 0.0703125
0 0.49921875 0.590625 0.03671875 0.08828125
0 0.4921875 0.6515625 0.04375 0.0734375
0 0.46953125 0.77734375 0.04375 0.08515625
0 0.3953125 0.71484375 0.05078125 0.08046875
0 0.3921875 0.87265625 0.05078125 0.09296875
0 0.39921875 0.61328125 0.04921875 0.078125
0 0.5578125 0.59609375 0.04921875 0.0828125
0 0.5953125 0.77109375 0.04921875 0.07265625
0 0.58359375 0.85078125 0.04453125 0.08203125
0 0.56328125 0.93984375 0.04609375 0.096875
0 0.43046875 0.334375 0.04921875 0.0859375
0 0.5171875 0.26953125 0.03515625 0.0890625
0 0.6875 0.54296875 0.040625 0.08671875
0 0.6 0.67109375 0.04375 0.0796875
0 0.5640625 0.40859375 0.040625 0.078125
0 0.57109375 0.51875 0.04296875 0.08203125
0 0.66015625 0.82734375 0.05 0.08671875
0 0.64765625 0.68359375 0.04140625 0.06953125
0 0.45625 0.50546875 0.03828125 0.065625
0 0.6 0.08984375 0.04609375 0.07421875
0 0.64765625 0.0828125 0.04296875 0.0765625
0 0.5953125 0.33203125 0.04609375 0.0703125
0 0.74609375 0.65703125 0.04296875 0.0890625
0 0.7203125 0.81875 0.05 0.09140625
0 0.796875 0.85625 0.0390625 0.09765625
0 0.846875 0.84140625 0.04375 0.08828125
0 0.809375 0.57421875 0.03984375 0.0765625
0 0.84296875 0.4234375 0.0515625 0.0734375
0 0.7234375 0.328125 0.04140625 0.0703125
0 0.68046875 0.428125 0.02890625 0.07890625
0 0.565625 0.23125 0.04609375 0.07578125
0 0.4984375 0.16640625 0.0375 0.0671875
0 0.65703125 0.22421875 0.0265625 0.0765625
0 0.79453125 0.234375 0.040625 0.06953125
0 0.35859375 0.53671875 0.05 0.06328125