0 0.08046875 0.83046875 0.15234375 0.171875
0 0.12734375 0.74453125 0.1 0.140625
0 0.32890625 0.69609375 0.0671875 0.09609375
0 0.2453125 0.62421875 0.053125 0.08671875
0 0.178125 0.6140625 0.03828125 0.05703125
0 0.0765625 0.6234375 0.04609375 0.05390625
0 0.01328125 0.634375 0.02578125 0.09140625
0 0.0203125 0.54375 0.01640625 0.0296875
0 0.45859375 0.6234375 0.07734375 0.0765625
0 0.603125 0.66484375 0.0625 0.08828125
0 0.39765625 0.9234375 0.1296875 0.153125
0 0.6078125 0.90859375 0.2125 0.1828125
0 0.675 0.721875 0.07109375 0.09140625
0 0.76640625 0.67109375 0.0734375 0.0765625
0 0.775 0.7890625 0.0890625 0.13984375
0 0.8765625 0.646875 0.05625 0.0640625
0 0.965625 0.66875 0.06875 0.15859375
0 0.6703125 0.61640625 0.05625 0.05625
0 0.76484375 0.60234375 0.0328125 0.05078125
0 0.79453125 0.60546875 0.0328125 0.05078125
0 0.84140625 0.61796875 0.04140625 0.06875
0 0.50625 0.6203125 0.04453125 0.0515625
0 0.33671875 0.6078125 0.0359375 0.04375
0 0.30390625 0.61484375 0.034375 0.04609375
0 0.290625 0.578125 0.025 0.04375
0 0.25546875 0.5671875 0.0234375 0.028125
0 0.42421875 0.57109375 0.02734375 0.03125
0 0.5703125 0.59921875 0.05 0.07109375
0 0.521875 0.56171875 0.015625 0.01796875
0 0.60546875 0.5609375 0.0203125 0.02265625
0 0.64609375 0.5796875 0.0234375 0.03359375
0 0.70625 0.57734375 0.021875 0.034375
0 0.72421875 0.59921875 0.02578125 0.0375
0 0.7859375 0.55234375 0.025 0.03125
0 0.6828125 0.5625 0.02109375 0.02421875
0 0.49140625 0.553125 0.015625 0.02109375
0 0.471875 0.571875 0.0203125 0.0296875
0 0.4625 0.584375 0.0328125 0.02265625
0 0.3859375 0.55625 0.0140625 0.01796875
0 0.33984375 0.56015625 0.0234375 0.028125