0 0.06953125 0.496875 0.009375 0.021875
0 0.0109375 0.4703125 0.01015625 0.01640625
0 0.0453125 0.44453125 0.01015625 0.01640625
0 0.0515625 0.47109375 0.00859375 0.01796875
0 0.0609375 0.43125 0.00703125 0.01328125
0 0.08046875 0.44296875 0.00859375 0.01640625
0 0.08359375 0.4125 0.00859375 0.01640625
0 0.096875 0.421875 0.00703125 0.01171875
0 0.046875 0.40390625 0.00859375 0.0171875
0 0.05390625 0.396875 0.0078125 0.01484375
0 0.06015625 0.39140625 0.00703125 0.01484375
0 0.06953125 0.39140625 0.00703125 0.0140625
0 0.075 0.39765625 0.00546875 0.01171875
0 0.09765625 0.38828125 0.00859375 0.0125
0 0.10859375 0.38125 0.00703125 0.0140625
0 0.121875 0.41796875 0.00859375 0.01328125
0 0.14140625 0.40859375 0.00859375 0.01875
0 0.153125 0.396875 0.009375 0.0171875
0 0.12421875 0.47890625 0.0109375 0.01953125
0 0.14296875 0.46875 0.00859375 0.015625
0 0.16640625 0.4421875 0.00859375 0.01484375
0 0.17421875 0.4515625 0.00859375 0.0140625
0 0.159375 0.44375 0.0078125 0.01875
0 0.184375 0.42578125 0.00703125 0.0140625
0 0.1859375 0.4390625 0.0078125 0.0125
0 0.203125 0.440625 0.0078125 0.01484375
0 0.18046875 0.4796875 0.00859375 0.0203125
0 0.18203125 0.5125 0.0109375 0.01640625
0 0.23671875 0.53359375 0.01015625 0.01953125
0 0.265625 0.521875 0.009375 0.01796875
0 0.26484375 0.571875 0.01015625 0.01953125
0 0.29296875 0.5796875 0.01171875 0.01640625
0 0.33671875 0.50078125 0.0109375 0.01640625
0 0.29921875 0.4953125 0.009375 0.01484375
0 0.3140625 0.4140625 0.01015625 0.0140625
0 0.2703125 0.43671875 0.01015625 0.01640625
0 0.278125 0.42890625 0.0078125 0.01484375
0 0.28515625 0.4265625 0.00859375 0.0171875
0 0.29921875 0.453125 0.00859375 0.01796875
0 0.29140625 0.4546875 0.00703125 0.015625
0 0.35 0.45078125 0.00859375 0.01875
0 0.35078125 0.43984375 0.00859375 0.0171875
0 0.34921875 0.52578125 0.00859375 0.01484375
0 0.38203125 0.48203125 0.00703125 0.02109375
0 0.39296875 0.51015625 0.0078125 0.0171875
0 0.421875 0.43984375 0.0078125 0.015625
0 0.43359375 0.46015625 0.00859375 0.01328125
0 0.4203125 0.496875 0.009375 0.01640625
0 0.4125 0.55234375 0.009375 0.0171875
0 0.475 0.51796875 0.01015625 0.01796875
0 0.43671875 0.5609375 0.009375 0.01953125
0 0.44375 0.546875 0.01015625 0.01640625
0 0.4328125 0.51328125 0.00859375 0.0171875
0 0.4640625 0.47421875 0.01015625 0.01640625
0 0.47421875 0.4484375 0.01171875 0.01796875
0 0.47109375 0.496875 0.00859375 0.01484375
0 0.48515625 0.47421875 0.0078125 0.015625
0 0.51328125 0.503125 0.00859375 0.0171875
0 0.5203125 0.46484375 0.0078125 0.0140625
0 0.52421875 0.4875 0.0078125 0.0140625
0 0.54375 0.5421875 0.01015625 0.0171875
0 0.534375 0.58203125 0.01015625 0.0171875
0 0.5453125 0.571875 0.0078125 0.015625
0 0.5515625 0.58125 0.009375 0.0171875
0 0.553125 0.4390625 0.00703125 0.01328125
0 0.5828125 0.47734375 0.0078125 0.0140625
0 0.5890625 0.4359375 0.0078125 0.01328125
0 0.59921875 0.56484375 0.01171875 0.02265625
0 0.621875 0.59140625 0.009375 0.01953125
0 0.60078125 0.5140625 0.00859375 0.01640625
0 0.62109375 0.5421875 0.00859375 0.01640625
0 0.6 0.45625 0.0078125 0.0140625
0 0.20625 0.46328125 0.009375 0.01640625
0 0.22578125 0.496875 0.009375 0.01640625
0 0.246875 0.42421875 0.00703125 0.0140625
0 0.22734375 0.4296875 0.00703125 0.01640625
0 0.2203125 0.41171875 0.0078125 0.0140625
0 0.2546875 0.4265625 0.00703125 0.01796875
0 0.090625 0.55625 0.009375 0.01640625
0 0.00703125 0.5359375 0.00703125 0.01484375
0 0.1890625 0.56953125 0.009375 0.0171875
0 0.16875 0.54609375 0.009375 0.015625
0 0.03203125 0.36328125 0.00625 0.01015625
0 0.01640625 0.39375 0.00625 0.0109375
0 0.65 0.48046875 0.0109375 0.01796875
0 0.6875 0.42890625 0.00859375 0.0171875
0 0.725 0.534375 0.009375 0.01953125
0 0.665625 0.54921875 0.0109375 0.01953125
0 0.80625 0.47890625 0.00859375 0.0171875
0 0.83203125 0.53125 0.009375 0.01640625
0 0.8046875 0.58359375 0.0109375 0.02109375
0 0.78203125 0.43828125 0.00703125 0.0140625
0 0.73203125 0.42890625 0.0078125 0.015625
0 0.765625 0.41796875 0.0078125 0.0140625
0 0.75859375 0.4359375 0.0078125 0.01640625
0 0.7390625 0.51171875 0.00859375 0.0140625