0 0.09609375 0.39765625 0.03515625 0.0625
0 0.10625 0.50390625 0.03359375 0.05703125
0 0.15859375 0.5453125 0.03671875 0.07890625
0 0.22890625 0.5 0.04296875 0.07109375
0 0.2765625 0.51328125 0.02734375 0.0765625
0 0.30546875 0.465625 0.03828125 0.07890625
0 0.30859375 0.371875 0.03515625 0.08203125
0 0.3234375 0.55703125 0.03671875 0.065625
0 0.35859375 0.55078125 0.03671875 0.07890625
0 0.41484375 0.49453125 0.04140625 0.0765625
0 0.44453125 0.459375 0.021875 0.065625
0 0.49375 0.50390625 0.03671875 0.0625
0 0.52890625 0.478125 0.02734375 0.0546875
0 0.49296875 0.4703125 0.03828125 0.04921875
0 0.5609375 0.38671875 0.02578125 0.0515625
0 0.5796875 0.4578125 0.02734375 0.05703125
0 0.56640625 0.66640625 0.03046875 0.08203125
0 0.5671875 0.6109375 0.03828125 0.0515625
0 0.54921875 0.59140625 0.03359375 0.0625
0 0.51328125 0.6609375 0.02890625 0.065625
0 0.42265625 0.6171875 0.03828125 0.08203125
0 0.36953125 0.7265625 0.03984375 0.0875
0 0.23828125 0.63515625 0.03359375 0.07890625
0 0.28046875 0.7265625 0.03828125 0.09296875
0 0.18203125 0.74453125 0.04453125 0.06796875
0 0.13984375 0.79921875 0.04921875 0.05703125
0 0.0578125 0.55703125 0.03828125 0.0765625
0 0.0109375 0.5203125 0.01875 0.084375
0 0.07734375 0.86171875 0.04140625 0.084375
0 0.08984375 0.94296875 0.03828125 0.0765625
0 0.315625 0.8609375 0.04609375 0.08203125
0 0.48828125 0.85546875 0.04453125 0.0984375
0 0.6171875 0.66953125 0.03359375 0.0984375
0 0.60859375 0.521875 0.02578125 0.065625
0 0.63046875 0.37265625 0.03046875 0.0625
0 0.64765625 0.3390625 0.05859375 0.07109375
0 0.6828125 0.621875 0.04921875 0.084375
0 0.665625 0.75390625 0.04140625 0.0875
0 0.7171875 0.965625 0.03984375 0.06796875
0 0.76171875 0.80078125 0.04921875 0.09296875
0 0.746875 0.74296875 0.03515625 0.0765625
0 0.75703125 0.434375 0.03984375 0.0765625
0 0.73046875 0.40859375 0.03671875 0.0734375
0 0.68125 0.3828125 0.02734375 0.07109375
0 0.828125 0.5734375 0.03515625 0.0765625
0 0.82578125 0.434375 0.03671875 0.08203125
0 0.83203125 0.33203125 0.03984375 0.084375
0 0.85546875 0.26484375 0.03046875 0.04921875
0 0.92734375 0.28515625 0.04609375 0.084375
0 0.94453125 0.4265625 0.04296875 0.0765625
0 0.9109375 0.4765625 0.04609375 0.06796875
0 0.875 0.47421875 0.03203125 0.0734375
0 0.925 0.72421875 0.03046875 0.065625
0 0.98125 0.6734375 0.03671875 0.084375
0 0.92109375 0.7921875 0.05078125 0.08203125
0 0.9140625 0.87734375 0.04296875 0.09296875
0 0.853125 0.8171875 0.04453125 0.0984375
0 0.846875 0.903125 0.05703125 0.0953125
0 0.9625 0.9015625 0.05078125 0.09296875