0 0.053125 0.64375 0.0234375 0.053125
0 0.11875 0.503125 0.02265625 0.05703125
0 0.1453125 0.42578125 0.01875 0.05078125
0 0.16484375 0.4078125 0.021875 0.06015625
0 0.05859375 0.4578125 0.02109375 0.03828125
0 0.021875 0.45078125 0.0203125 0.04453125
0 0.04765625 0.415625 0.01953125 0.0484375
0 0.01953125 0.39921875 0.01953125 0.04296875
0 0.01875 0.35390625 0.02265625 0.0453125
0 0.0390625 0.36171875 0.01484375 0.0546875
0 0.05859375 0.32109375 0.01953125 0.04921875
0 0.0390625 0.275 0.015625 0.05
0 0.01171875 0.28828125 0.01953125 0.0390625
0 0.01796875 0.24140625 0.01953125 0.04296875
0 0.0875 0.25078125 0.02421875 0.053125
0 0.13125 0.36640625 0.01640625 0.040625
0 0.13046875 0.33046875 0.02421875 0.03515625
0 0.1 0.37578125 0.01953125 0.04453125
0 0.1234375 0.30546875 0.01796875 0.05078125
0 0.15546875 0.33125 0.01796875 0.03984375
0 0.1859375 0.3125 0.02265625 0.03984375
0 0.19609375 0.39296875 0.021875 0.04453125
0 0.2140625 0.40859375 0.01953125 0.0359375
0 0.24765625 0.3984375 0.01640625 0.040625
0 0.28671875 0.40859375 0.01796875 0.040625
0 0.24296875 0.334375 0.02265625 0.040625
0 0.20859375 0.309375 0.015625 0.04921875
0 0.19765625 0.3625 0.01953125 0.03203125
0 0.13984375 0.23203125 0.01953125 0.04609375
0 0.33125 0.49609375 0.0234375 0.04453125
0 0.37578125 0.53203125 0.021875 0.04609375
0 0.40859375 0.47109375 0.01875 0.0515625
0 0.45546875 0.490625 0.02109375 0.0390625
0 0.3328125 0.43671875 0.01484375 0.03828125
0 0.3890625 0.44765625 0.01796875 0.0453125
0 0.371875 0.45078125 0.0203125 0.04140625
0 0.36328125 0.421875 0.02109375 0.040625
0 0.346875 0.4109375 0.0171875 0.04921875
0 0.43203125 0.45 0.01953125 0.04453125
0 0.48671875 0.46171875 0.02265625 0.0453125
0 0.41484375 0.39453125 0.01953125 0.0484375
0 0.43984375 0.39296875 0.01953125 0.0484375
0 0.4015625 0.32890625 0.02265625 0.03828125
0 0.3890625 0.39453125 0.01953125 0.04453125
0 0.35390625 0.334375 0.02109375 0.04140625
0 0.11171875 0.02421875 0.01796875 0.040625
0 0.14921875 0.0671875 0.02109375 0.04140625
0 0.1734375 0.08046875 0.01953125 0.04375
0 0.20625 0.1640625 0.0234375 0.04296875
0 0.23671875 0.1640625 0.02265625 0.03828125
0 0.2484375 0.1234375 0.01953125 0.0484375
0 0.190625 0.27421875 0.01953125 0.03828125
0 0.22890625 0.27421875 0.01953125 0.0390625
0 0.3796875 0.0984375 0.02265625 0.04375
0 0.29296875 0.0875 0.01953125 0.046875
0 0.38046875 0.15390625 0.025 0.05078125
0 0.4828125 0.14296875 0.01484375 0.03828125
0 0.9078125 0.2359375 0.0203125 0.05
0 0.93671875 0.29296875 0.028125 0.03515625
0 0.85546875 0.25234375 0.01953125 0.0546875
0 0.81171875 0.20625 0.02265625 0.05078125
0 0.80546875 0.07109375 0.01875 0.0453125
0 0.75703125 0.0765625 0.01796875 0.04375
0 0.88515625 0.053125 0.0203125 0.046875
0 0.58671875 0.51875 0.02109375 0.03515625
0 0.546875 0.48828125 0.01953125 0.04296875
0 0.696875 0.49609375 0.02265625 0.0453125
0 0.7375 0.46484375 0.025 0.04453125
0 0.7609375 0.7734375 0.0296875 0.04453125
0 0.853125 0.8109375 0.025 0.04609375
0 0.86484375 0.77109375 0.02578125 0.05625