0 0.103125 0.759375 0.01015625 0.01875
0 0.115625 0.78984375 0.00859375 0.01875
0 0.15703125 0.76484375 0.0109375 0.0171875
0 0.165625 0.70078125 0.00859375 0.0171875
0 0.18515625 0.75234375 0.00859375 0.01640625
0 0.1734375 0.74296875 0.0109375 0.01640625
0 0.18515625 0.78828125 0.00859375 0.01875
0 0.2125 0.77421875 0.01015625 0.01484375
0 0.14296875 0.65859375 0.00859375 0.01484375
0 0.12890625 0.6546875 0.00703125 0.01640625
0 0.11796875 0.659375 0.0078125 0.0140625
0 0.10078125 0.653125 0.00703125 0.01328125
0 0.0921875 0.6828125 0.009375 0.01796875
0 0.08125 0.64609375 0.00859375 0.01484375
0 0.06875 0.665625 0.00859375 0.0171875
0 0.0484375 0.6984375 0.00859375 0.0140625
0 0.053125 0.73203125 0.0078125 0.01796875
0 0.225 0.73671875 0.00859375 0.0171875
0 0.21953125 0.68828125 0.01015625 0.0140625
0 0.24140625 0.675 0.00859375 0.01953125
0 0.26015625 0.7484375 0.01015625 0.01875
0 0.2296875 0.79375 0.00859375 0.01953125
0 0.25 0.675 0.009375 0.01640625
0 0.2984375 0.6578125 0.01015625 0.01484375
0 0.290625 0.73125 0.00859375 0.01640625
0 0.284375 0.72421875 0.00859375 0.01953125
0 0.3109375 0.69375 0.00859375 0.01875
0 0.30546875 0.75546875 0.00859375 0.01796875
0 0.29765625 0.7875 0.01015625 0.01640625
0 0.2953125 0.76875 0.009375 0.021875
0 0.3609375 0.6875 0.01015625 0.015625
0 0.34609375 0.68203125 0.00859375 0.01484375
0 0.328125 0.671875 0.0109375 0.0171875
0 0.3375 0.7390625 0.009375 0.01953125
0 0.35078125 0.80390625 0.0109375 0.02109375
0 0.3953125 0.81328125 0.01171875 0.02265625
0 0.3515625 0.77734375 0.01171875 0.0203125
0 0.39921875 0.68984375 0.009375 0.0171875
0 0.41484375 0.67265625 0.01015625 0.01640625
0 0.41015625 0.78046875 0.01171875 0.0203125
0 0.4359375 0.79375 0.01015625 0.0203125
0 0.4546875 0.76015625 0.0109375 0.01796875
0 0.45625 0.8265625 0.009375 0.0171875
0 0.46953125 0.7703125 0.01015625 0.0203125
0 0.46953125 0.80546875 0.0109375 0.01953125
0 0.48359375 0.79296875 0.01015625 0.01796875
0 0.46875 0.67890625 0.00859375 0.015625
0 0.48046875 0.6625 0.01015625 0.01640625
0 0.525 0.7015625 0.01171875 0.0171875
0 0.515625 0.6578125 0.009375 0.0171875
0 0.5109375 0.77890625 0.01015625 0.0171875
0 0.51328125 0.74921875 0.01015625 0.0203125
0 0.52734375 0.8125 0.01171875 0.0265625
0 0.56015625 0.76796875 0.0109375 0.02265625
0 0.57890625 0.73828125 0.0109375 0.02109375
0 0.57734375 0.82265625 0.0125 0.01953125
0 0.59375 0.83046875 0.01015625 0.01640625
0 0.60078125 0.6578125 0.00859375 0.021875
0 0.546875 0.6671875 0.01015625 0.01640625
0 0.575 0.7125 0.0109375 0.01953125
0 0.54921875 0.75625 0.009375 0.01640625
0 0.61875 0.775 0.01015625 0.01484375
0 0.640625 0.74375 0.009375 0.01484375
0 0.659375 0.75859375 0.009375 0.01796875
0 0.678125 0.7375 0.0109375 0.01796875
0 0.66328125 0.69609375 0.009375 0.0171875
0 0.61875 0.66953125 0.009375 0.0171875
0 0.63203125 0.678125 0.0109375 0.01484375
0 0.63671875 0.65234375 0.00859375 0.0140625
0 0.640625 0.70546875 0.01015625 0.01484375
0 0.63046875 0.70625 0.009375 0.0171875
0 0.68984375 0.67109375 0.01015625 0.01328125
0 0.71171875 0.68046875 0.01171875 0.015625
0 0.74140625 0.7109375 0.0109375 0.01640625
0 0.75703125 0.7171875 0.01171875 0.01640625
0 0.71953125 0.7921875 0.0125 0.0171875
0 0.7953125 0.73125 0.01015625 0.01796875
0 0.76484375 0.665625 0.009375 0.015625
0 0.74453125 0.6265625 0.00859375 0.01171875
0 0.734375 0.61953125 0.0078125 0.0171875
0 0.7640625 0.59921875 0.01015625 0.015625
0 0.85078125 0.70546875 0.009375 0.02109375
0 0.815625 0.73828125 0.00859375 0.0171875
0 0.821875 0.66875 0.00703125 0.015625
0 0.83125 0.6890625 0.009375 0.0140625
0 0.86015625 0.62265625 0.009375 0.01484375
0 0.80078125 0.63359375 0.0078125 0.01328125
0 0.84609375 0.590625 0.009375 0.0125
0 0.83046875 0.609375 0.00859375 0.015625
0 0.81875 0.60859375 0.0078125 0.0140625
0 0.8828125 0.74140625 0.009375 0.01171875
0 0.91328125 0.73125 0.0078125 0.01484375
0 0.89453125 0.66171875 0.0078125 0.01640625
0 0.91015625 0.64765625 0.009375 0.0140625
0 0.8953125 0.62734375 0.00703125 0.01640625
0 0.8796875 0.615625 0.00859375 0.01328125
0 0.959375 0.66484375 0.009375 0.01484375
0 0.9421875 0.70390625 0.01015625 0.01484375
0 0.94921875 0.696875 0.0078125 0.01328125
0 0.9734375 0.68203125 0.00859375 0.0171875
0 0.96953125 0.64375 0.0078125 0.015625
0 0.88671875 0.5828125 0.0078125 0.015625
0 0.89921875 0.58671875 0.00625 0.01328125