0 0.975 0.7984375 0.025 0.046875
0 0.9375 0.7609375 0.021875 0.053125
0 0.9078125 0.778125 0.02421875 0.04140625
0 0.91015625 0.6703125 0.021875 0.05390625
0 0.8546875 0.71015625 0.02890625 0.05703125
0 0.825 0.67265625 0.02421875 0.0484375
0 0.790625 0.6921875 0.02421875 0.04609375
0 0.8046875 0.69296875 0.01796875 0.04140625
0 0.8296875 0.8078125 0.01875 0.0484375
0 0.796875 0.8484375 0.02734375 0.04453125
0 0.7671875 0.84375 0.02421875 0.04609375
0 0.7546875 0.8703125 0.02109375 0.04609375
0 0.728125 0.7859375 0.02265625 0.046875
0 0.7015625 0.81015625 0.02578125 0.0515625
0 0.721875 0.8734375 0.02578125 0.05859375
0 0.7109375 0.70234375 0.02265625 0.040625
0 0.7203125 0.66796875 0.0265625 0.04453125
0 0.7421875 0.63671875 0.01875 0.0484375
0 0.80234375 0.6109375 0.025 0.046875
0 0.95859375 0.690625 0.0234375 0.040625
0 0.9796875 0.628125 0.01953125 0.0484375
0 0.9625 0.609375 0.02265625 0.04140625
0 0.9234375 0.62109375 0.01640625 0.053125
0 0.88125 0.5984375 0.02421875 0.04453125
0 0.86328125 0.61875 0.0265625 0.04609375
0 0.84453125 0.62421875 0.0140625 0.034375
0 0.84453125 0.59375 0.021875 0.0484375
0 0.9171875 0.61328125 0.01796875 0.040625
0 0.9375 0.5890625 0.01875 0.04453125
0 0.96015625 0.5765625 0.025 0.04453125
0 0.9875 0.56484375 0.01875 0.040625
0 0.9703125 0.490625 0.0203125 0.0375
0 0.990625 0.48046875 0.01796875 0.05
0 0.971875 0.45546875 0.01796875 0.04140625
0 0.97265625 0.4234375 0.0203125 0.05
0 0.9453125 0.3875 0.01796875 0.04140625
0 0.934375 0.40703125 0.02265625 0.0359375
0 0.9296875 0.434375 0.02265625 0.040625
0 0.90859375 0.446875 0.01875 0.040625
0 0.93046875 0.52578125 0.021875 0.0484375
0 0.90625 0.51328125 0.01953125 0.040625
0 0.7421875 0.54921875 0.02109375 0.0484375
0 0.7484375 0.50625 0.01953125 0.04609375
0 0.7796875 0.4953125 0.02421875 0.05390625
0 0.8109375 0.4984375 0.02265625 0.04140625
0 0.84375 0.51640625 0.02265625 0.05
0 0.87109375 0.55 0.0265625 0.04453125
0 0.85390625 0.49453125 0.0203125 0.05
0 0.8890625 0.41953125 0.02421875 0.0390625
0 0.865625 0.43984375 0.02109375 0.034375
0 0.92890625 0.3484375 0.01875 0.04140625
0 0.95234375 0.3171875 0.0203125 0.0484375
0 0.978125 0.184375 0.01796875 0.040625
0 0.96328125 0.2609375 0.01875 0.04140625
0 0.9421875 0.265625 0.01796875 0.046875
0 0.9140625 0.278125 0.01796875 0.040625
0 0.8828125 0.17421875 0.01875 0.0515625
0 0.871875 0.2234375 0.01796875 0.04453125
0 0.85625 0.2171875 0.01640625 0.040625
0 0.8265625 0.2421875 0.0171875 0.040625
0 0.8359375 0.29609375 0.02578125 0.03359375
0 0.7765625 0.17265625 0.02109375 0.040625
0 0.828125 0.10234375 0.01640625 0.040625
0 0.8703125 0.0671875 0.02265625 0.040625
0 0.93125 0.1015625 0.02265625 0.04140625
0 0.96875 0.14296875 0.02265625 0.03046875
0 0.928125 0.0484375 0.021875 0.04140625
0 0.8484375 0.0328125 0.0140625 0.0265625
0 0.8296875 0.03984375 0.01953125 0.0375
0 0.8171875 0.0640625 0.01875 0.0390625
0 0.79375 0.065625 0.01796875 0.0390625
0 0.7796875 0.09765625 0.01953125 0.034375
0 0.7625 0.18984375 0.01875 0.0375
0 0.73984375 0.18984375 0.0171875 0.040625
0 0.75625 0.2328125 0.01796875 0.04609375
0 0.76640625 0.284375 0.0234375 0.04140625
0 0.77734375 0.30859375 0.021875 0.0390625
0 0.8703125 0.334375 0.02265625 0.040625
0 0.78125 0.38203125 0.01953125 0.0359375
0 0.75390625 0.421875 0.01875 0.04296875
0 0.7515625 0.37109375 0.02265625 0.046875
0 0.740625 0.30546875 0.0203125 0.04453125
0 0.715625 0.30234375 0.02109375 0.0515625
0 0.66484375 0.278125 0.01875 0.040625
0 0.634375 0.2515625 0.01875 0.0390625
0 0.65390625 0.24453125 0.0234375 0.04140625
0 0.68203125 0.21484375 0.0203125 0.04296875
0 0.6875 0.3953125 0.02109375 0.040625
0 0.64375 0.3984375 0.02421875 0.05
0 0.61796875 0.371875 0.01875 0.046875
0 0.6109375 0.409375 0.01796875 0.0359375
0 0.58125 0.3375 0.0203125 0.05
0 0.58828125 0.3140625 0.0171875 0.04453125
0 0.621875 0.246875 0.01640625 0.04140625
0 0.56484375 0.2765625 0.0234375 0.04140625
0 0.553125 0.39921875 0.02265625 0.034375
0 0.571875 0.43984375 0.01796875 0.04296875
0 0.5828125 0.49765625 0.01953125 0.04609375
0 0.6 0.534375 0.02265625 0.040625
0 0.609375 0.5125 0.01796875 0.05
0 0.6296875 0.5203125 0.02578125 0.040625
0 0.64140625 0.4984375 0.025 0.04140625
0 0.65625 0.49765625 0.01875 0.04296875
0 0.66328125 0.5546875 0.025 0.040625
0 0.703125 0.559375 0.0203125 0.0390625
0 0.7109375 0.515625 0.01953125 0.0375
0 0.6921875 0.4625 0.021875 0.05
0 0.67734375 0.48203125 0.021875 0.046875
0 0.6703125 0.4640625 0.01953125 0.0390625
0 0.709375 0.203125 0.01875 0.04609375
0 0.6640625 0.10703125 0.02109375 0.04140625
0 0.696875 0.09375 0.0203125 0.04296875
0 0.7046875 0.05859375 0.01953125 0.0359375
0 0.7375 0.05390625 0.0171875 0.0359375
0 0.77734375 0.0234375 0.028125 0.0390625
0 0.89375 0.01640625 0.01640625 0.03046875
0 0.73125 0.025 0.02109375 0.0390625
0 0.61484375 0.065625 0.015625 0.046875
0 0.64609375 0.059375 0.01875 0.0359375
0 0.61953125 0.02890625 0.015625 0.03359375
0 0.6296875 0.128125 0.01640625 0.0390625
0 0.578125 0.165625 0.0203125 0.046875
0 0.5875 0.13359375 0.0140625 0.0359375
0 0.5546875 0.06484375 0.021875 0.034375
0 0.584375 0.05625 0.01640625 0.04609375
0 0.55625 0.23046875 0.01640625 0.04453125
0 0.51015625 0.29609375 0.0203125 0.0390625
0 0.5234375 0.2890625 0.021875 0.04140625
0 0.48125 0.27890625 0.0203125 0.04453125
0 0.4921875 0.24375 0.015625 0.040625
0 0.50859375 0.14765625 0.0203125 0.0375
0 0.48359375 0.190625 0.0140625 0.04296875
0 0.44921875 0.1953125 0.01875 0.0484375
0 0.43359375 0.2515625 0.01875 0.04453125
0 0.4328125 0.43203125 0.021875 0.04140625
0 0.440625 0.396875 0.01796875 0.04609375
0 0.4515625 0.390625 0.01796875 0.04609375
0 0.4921875 0.45 0.02109375 0.05
0 0.5234375 0.49296875 0.02265625 0.0390625
0 0.4765625 0.50625 0.01953125 0.03203125
0 0.4671875 0.45546875 0.02109375 0.046875
0 0.403125 0.5203125 0.02578125 0.034375
0 0.40703125 0.48671875 0.025 0.040625
0 0.3921875 0.415625 0.0203125 0.04453125
0 0.390625 0.378125 0.01796875 0.04140625
0 0.4 0.33203125 0.021875 0.04140625
0 0.36875 0.42421875 0.01953125 0.04296875
0 0.37890625 0.521875 0.021875 0.04140625
0 0.3609375 0.52578125 0.021875 0.0515625
0 0.390625 0.62421875 0.025 0.0484375
0 0.4390625 0.640625 0.02265625 0.04609375
0 0.4484375 0.6015625 0.02421875 0.04140625
0 0.434375 0.5609375 0.01875 0.0359375
0 0.46328125 0.54375 0.015625 0.0515625
0 0.4734375 0.590625 0.02109375 0.04453125
0 0.475 0.653125 0.0265625 0.04609375
0 0.5 0.55625 0.025 0.0515625
0 0.528125 0.54609375 0.02265625 0.046875
0 0.584375 0.56875 0.01953125 0.0515625
0 0.56875 0.59140625 0.02421875 0.03359375
0 0.571875 0.61640625 0.02421875 0.04140625
0 0.53828125 0.6296875 0.0203125 0.04609375
0 0.5578125 0.68359375 0.021875 0.046875
0 0.5421875 0.7234375 0.02109375 0.04453125
0 0.5140625 0.66171875 0.02109375 0.0484375
0 0.6609375 0.72265625 0.01875 0.04609375
0 0.6734375 0.7875 0.02109375 0.046875
0 0.6390625 0.746875 0.01953125 0.04453125
0 0.58671875 0.8109375 0.021875 0.0359375
0 0.59140625 0.8 0.0203125 0.0390625
0 0.63125 0.8890625 0.02421875 0.04140625
0 0.6078125 0.946875 0.02421875 0.04296875
0 0.5984375 0.97109375 0.01640625 0.0390625
0 0.540625 0.94609375 0.02421875 0.04453125
0 0.53671875 0.98203125 0.025 0.0359375
0 0.5265625 0.921875 0.02734375 0.046875
0 0.5421875 0.9078125 0.01953125 0.04296875
0 0.51875 0.7640625 0.02109375 0.0359375
0 0.48203125 0.79921875 0.0140625 0.04296875
0 0.46640625 0.77890625 0.021875 0.046875
0 0.4515625 0.80625 0.02265625 0.0515625
0 0.44296875 0.72578125 0.015625 0.04296875
0 0.4296875 0.715625 0.01640625 0.04296875
0 0.41796875 0.878125 0.0234375 0.046875
0 0.45625 0.9796875 0.02421875 0.040625
0 0.48046875 0.9796875 0.0234375 0.040625
0 0.4015625 0.9140625 0.02890625 0.05
0 0.3796875 0.9578125 0.02109375 0.040625
0 0.36875 0.9828125 0.02265625 0.034375
0 0.29375 0.965625 0.02421875 0.04140625
0 0.2921875 0.928125 0.021875 0.03359375
0 0.29765625 0.903125 0.0203125 0.02890625
0 0.3203125 0.8859375 0.01953125 0.04453125
0 0.328125 0.8609375 0.01875 0.0390625
0 0.3453125 0.8109375 0.02265625 0.04140625
0 0.37109375 0.821875 0.01875 0.04609375
0 0.3765625 0.76328125 0.01953125 0.04609375
0 0.365625 0.6921875 0.02265625 0.04609375
0 0.346875 0.703125 0.01796875 0.05
0 0.33515625 0.74609375 0.0203125 0.053125
0 0.328125 0.77421875 0.01640625 0.05390625
0 0.290625 0.76484375 0.0234375 0.04609375
0 0.2734375 0.7953125 0.02109375 0.05390625
0 0.24375 0.79375 0.028125 0.04296875
0 0.2296875 0.84453125 0.01796875 0.05
0 0.2578125 0.9828125 0.028125 0.034375
0 0.196875 0.928125 0.01953125 0.04453125
0 0.20625 0.890625 0.028125 0.0515625
0 0.2828125 0.64140625 0.02421875 0.04453125
0 0.30390625 0.62578125 0.0171875 0.0375
0 0.321875 0.6359375 0.0234375 0.046875
0 0.3390625 0.6140625 0.0140625 0.04140625
0 0.24921875 0.67421875 0.021875 0.04296875
0 0.2203125 0.71796875 0.0203125 0.0390625
0 0.2109375 0.7484375 0.0203125 0.046875
0 0.1984375 0.7734375 0.021875 0.0359375
0 0.16953125 0.8140625 0.0234375 0.04140625
0 0.17890625 0.91640625 0.01875 0.05
0 0.13828125 0.98203125 0.0296875 0.0359375
0 0.12265625 0.85390625 0.01875 0.05
0 0.10625 0.85546875 0.02734375 0.046875
0 0.0859375 0.89296875 0.02421875 0.0390625
0 0.0625 0.91796875 0.01796875 0.03046875
0 0.140625 0.6796875 0.01953125 0.0515625
0 0.153125 0.7140625 0.02109375 0.04453125
0 0.090625 0.71015625 0.02734375 0.04296875
0 0.1203125 0.67109375 0.02421875 0.0390625
0 0.1359375 0.5609375 0.0234375 0.0359375
0 0.0453125 0.66640625 0.01953125 0.04140625
0 0.065625 0.665625 0.0171875 0.04609375
0 0.0421875 0.828125 0.02109375 0.053125
0 0.01875 0.8546875 0.02265625 0.04296875
0 0.040625 0.965625 0.01796875 0.04453125
0 0.028125 0.646875 0.0203125 0.0390625
0 0.071875 0.521875 0.025 0.046875
0 0.05234375 0.6 0.01875 0.04140625
0 0.09375 0.5 0.0265625 0.053125
0 0.1625 0.54453125 0.02734375 0.05
0 0.18125 0.51171875 0.02265625 0.0484375
0 0.19921875 0.50546875 0.0171875 0.0359375
0 0.215625 0.50546875 0.01796875 0.046875
0 0.240625 0.51015625 0.01796875 0.04609375
0 0.2671875 0.45859375 0.01875 0.046875
0 0.2875 0.490625 0.01875 0.04296875
0 0.309375 0.4765625 0.01796875 0.04140625
0 0.3375 0.48046875 0.01796875 0.05
0 0.33125 0.55078125 0.02421875 0.040625
0 0.2953125 0.57578125 0.02109375 0.04296875
0 0.3171875 0.434375 0.01953125 0.040625
0 0.3328125 0.39140625 0.01796875 0.046875
0 0.346875 0.38359375 0.0234375 0.0390625
0 0.390625 0.23203125 0.01640625 0.04140625
0 0.4 0.153125 0.01484375 0.04140625
0 0.34921875 0.2015625 0.0234375 0.0390625
0 0.321875 0.23046875 0.01875 0.04140625
0 0.30546875 0.20703125 0.01875 0.0390625
0 0.315625 0.184375 0.01953125 0.040625
0 0.321875 0.15859375 0.01640625 0.0359375
0 0.28984375 0.17265625 0.0203125 0.04609375
0 0.2859375 0.24296875 0.0203125 0.04140625
0 0.27109375 0.28828125 0.0203125 0.0375
0 0.275 0.32421875 0.01796875 0.040625
0 0.2546875 0.33203125 0.01953125 0.0359375
0 0.24140625 0.3484375 0.01875 0.04140625
0 0.259375 0.39921875 0.01640625 0.04296875
0 0.2203125 0.45390625 0.02265625 0.0359375
0 0.21953125 0.31484375 0.0203125 0.04296875
0 0.1671875 0.3734375 0.02265625 0.046875
0 0.16875 0.3296875 0.02265625 0.040625
0 0.178125 0.3125 0.01796875 0.04140625
0 0.19609375 0.28828125 0.0203125 0.0375
0 0.2375 0.2484375 0.015625 0.04140625
0 0.2546875 0.21171875 0.01796875 0.04609375
0 0.44375 0.15 0.01640625 0.0390625
0 0.3484375 0.1140625 0.0203125 0.04140625
0 0.37421875 0.0515625 0.01875 0.04140625
0 0.3953125 0.04140625 0.01953125 0.03359375
0 0.409375 0.06796875 0.02109375 0.04453125
0 0.42578125 0.09921875 0.015625 0.040625
0 0.45625 0.109375 0.01796875 0.0359375
0 0.478125 0.05078125 0.01640625 0.04609375
0 0.52109375 0.03359375 0.0203125 0.0390625
0 0.4609375 0.02578125 0.01953125 0.0375
0 0.32734375 0.05390625 0.0171875 0.03359375
0 0.346875 0.040625 0.0171875 0.0375
0 0.3078125 0.11640625 0.01953125 0.04140625
0 0.29453125 0.1328125 0.0125 0.03203125
0 0.2921875 0.109375 0.02109375 0.03359375
0 0.2859375 0.07421875 0.01796875 0.0484375
0 0.234375 0.0859375 0.01640625 0.0390625
0 0.24453125 0.07109375 0.0125 0.0390625
0 0.2328125 0.02734375 0.015625 0.034375
0 0.271875 0.03046875 0.01796875 0.04140625
0 0.2984375 0.034375 0.01328125 0.040625
0 0.22421875 0.05390625 0.0171875 0.0359375
0 0.2140625 0.109375 0.0171875 0.034375
0 0.221875 0.21328125 0.0171875 0.034375
0 0.19375 0.203125 0.0125 0.03046875
0 0.1859375 0.18671875 0.0140625 0.0375
0 0.1671875 0.153125 0.01640625 0.0375
0 0.1953125 0.10703125 0.01953125 0.0390625
0 0.13515625 0.13828125 0.0171875 0.0375
0 0.11484375 0.1421875 0.01875 0.0375
0 0.1078125 0.16796875 0.02421875 0.03046875
0 0.115625 0.20546875 0.01953125 0.04140625
0 0.1390625 0.221875 0.02109375 0.0390625
0 0.16171875 0.21484375 0.021875 0.0375
0 0.16953125 0.2453125 0.021875 0.034375
0 0.10390625 0.2828125 0.025 0.0375
0 0.10703125 0.359375 0.021875 0.040625
0 0.15078125 0.39140625 0.0171875 0.04140625
0 0.11484375 0.3984375 0.0265625 0.0359375
0 0.06875 0.41484375 0.0234375 0.04609375
0 0.04609375 0.44140625 0.021875 0.0390625
0 0.0578125 0.32421875 0.01875 0.05390625
0 0.075 0.3046875 0.02109375 0.04296875
0 0.084375 0.19453125 0.02109375 0.04453125
0 0.03125 0.22421875 0.02109375 0.04609375
0 0.07265625 0.1328125 0.0203125 0.0375
0 0.10546875 0.090625 0.021875 0.034375
0 0.1265625 0.09921875 0.02265625 0.0515625
0 0.17421875 0.08515625 0.0171875 0.0375
0 0.12109375 0.07109375 0.0265625 0.03359375
0 0.146875 0.0296875 0.025 0.05390625
0 0.1078125 0.034375 0.0265625 0.03203125
0 0.0625 0.0390625 0.01015625 0.04140625
0 0.03515625 0.0640625 0.0234375 0.0390625
0 0.8546875 0.93203125 0.03046875 0.05
0 0.81796875 0.9546875 0.025 0.05390625
0 0.8109375 0.98203125 0.03203125 0.0359375
0 0.946875 0.97265625 0.0234375 0.05390625
0 0.98984375 0.984375 0.0203125 0.028125