0 0.86875 0.81796875 0.02109375 0.03828125
0 0.9 0.83046875 0.01640625 0.03515625
0 0.91171875 0.80703125 0.02890625 0.03203125
0 0.83125 0.69609375 0.0234375 0.01796875
0 0.92578125 0.63359375 0.01640625 0.02421875
0 0.9515625 0.63828125 0.01171875 0.02421875
0 0.909375 0.61796875 0.01640625 0.021875
0 0.8703125 0.61953125 0.01953125 0.01796875
0 0.8734375 0.64140625 0.01796875 0.01875
0 0.8515625 0.61640625 0.015625 0.02421875
0 0.8359375 0.61015625 0.0140625 0.02109375
0 0.79609375 0.6109375 0.01953125 0.021875
0 0.76328125 0.653125 0.01796875 0.02265625
0 0.73203125 0.6546875 0.0171875 0.02421875
0 0.70625 0.61640625 0.01953125 0.02578125
0 0.7234375 0.61328125 0.01484375 0.01953125
0 0.6859375 0.73359375 0.015625 0.03515625
0 0.95703125 0.53984375 0.01171875 0.02109375
0 0.96640625 0.52890625 0.01015625 0.01796875
0 0.928125 0.54609375 0.01484375 0.01796875
0 0.909375 0.52421875 0.01328125 0.01640625
0 0.9046875 0.51484375 0.00859375 0.01640625
0 0.90390625 0.50234375 0.009375 0.0125
0 0.89296875 0.48984375 0.01015625 0.0125
0 0.88125 0.51328125 0.0140625 0.01640625
0 0.87421875 0.5359375 0.01328125 0.015625
0 0.8703125 0.528125 0.01015625 0.0125
0 0.859375 0.50703125 0.0125 0.01328125
0 0.8671875 0.490625 0.01171875 0.01640625
0 0.85546875 0.46484375 0.01015625 0.01171875
0 0.8265625 0.50859375 0.01171875 0.015625
0 0.84453125 0.52734375 0.009375 0.01640625
0 0.84921875 0.521875 0.01015625 0.02109375
0 0.81796875 0.53125 0.00859375 0.01484375
0 0.82265625 0.5265625 0.009375 0.015625
0 0.80234375 0.52578125 0.01015625 0.01484375
0 0.80390625 0.51328125 0.009375 0.01640625
0 0.79140625 0.48828125 0.0109375 0.01484375
0 0.76953125 0.503125 0.00859375 0.01640625
0 0.75703125 0.52890625 0.0125 0.01484375
0 0.73984375 0.52734375 0.01171875 0.01484375
0 0.65 0.63984375 0.01640625 0.02109375
0 0.6734375 0.75234375 0.01796875 0.02890625
0 0.59140625 0.646875 0.0171875 0.025
0 0.56953125 0.6375 0.01640625 0.025
0 0.478125 0.6484375 0.01328125 0.01953125
0 0.4875 0.64296875 0.01328125 0.01953125
0 0.49765625 0.62265625 0.0140625 0.01875
0 0.50390625 0.59296875 0.01171875 0.02109375
0 0.48046875 0.590625 0.01171875 0.01875
0 0.434375 0.6265625 0.01484375 0.01953125
0 0.4640625 0.63515625 0.01640625 0.01953125
0 0.4421875 0.59453125 0.01171875 0.021875
0 0.4609375 0.55 0.0125 0.01875
0 0.440625 0.54921875 0.0140625 0.015625
0 0.42265625 0.55234375 0.01171875 0.015625
0 0.4046875 0.55625 0.01484375 0.01640625
0 0.4171875 0.596875 0.01328125 0.01875
0 0.4078125 0.61171875 0.01484375 0.01640625
0 0.38125 0.61328125 0.0171875 0.01796875
0 0.34140625 0.61015625 0.015625 0.021875
0 0.346875 0.64609375 0.02265625 0.03046875
0 0.17265625 0.72578125 0.0140625 0.02734375
0 0.140625 0.7265625 0.01484375 0.02578125
0 0.12265625 0.76171875 0.02109375 0.02265625
0 0.09375 0.72421875 0.0203125 0.02578125
0 0.07734375 0.77265625 0.021875 0.02890625
0 0.08828125 0.60703125 0.01640625 0.01796875
0 0.15390625 0.58828125 0.0203125 0.025
0 0.23671875 0.553125 0.01171875 0.01640625
0 0.00859375 0.646875 0.015625 0.02109375
0 0.3953125 0.49609375 0.0109375 0.01640625
0 0.42109375 0.49375 0.009375 0.0125
0 0.428125 0.49453125 0.00859375 0.015625
0 0.5234375 0.51875 0.00859375 0.01640625
0 0.5375 0.509375 0.00703125 0.01484375
0 0.54765625 0.51640625 0.009375 0.01484375
0 0.32265625 0.5296875 0.01171875 0.015625
0 0.56796875 0.525 0.0109375 0.02109375
0 0.57734375 0.52109375 0.00703125 0.01484375
0 0.5828125 0.51328125 0.009375 0.01640625
0 0.59375 0.521875 0.01015625 0.0125
0 0.60390625 0.50703125 0.00703125 0.01328125
0 0.59921875 0.48828125 0.01015625 0.015625
0 0.61328125 0.48828125 0.00859375 0.01328125
0 0.61640625 0.50703125 0.009375 0.0125
0 0.6109375 0.521875 0.009375 0.01015625
0 0.615625 0.5265625 0.00859375 0.01328125
0 0.62734375 0.51796875 0.0078125 0.01484375
0 0.62265625 0.50859375 0.00859375 0.01328125
0 0.62734375 0.50390625 0.00703125 0.0125
0 0.6328125 0.49375 0.0078125 0.01484375
0 0.6484375 0.52578125 0.00859375 0.015625
0 0.65625 0.52734375 0.01015625 0.01484375
0 0.6546875 0.51640625 0.00703125 0.01015625
0 0.646875 0.50859375 0.00859375 0.01328125
0 0.646875 0.49140625 0.00625 0.01328125
0 0.67421875 0.50703125 0.0109375 0.015625
0 0.6875 0.50390625 0.00859375 0.01328125
0 0.7109375 0.53046875 0.0046875 0.01328125
0 0.63671875 0.4671875 0.01015625 0.01171875
0 0.61953125 0.46796875 0.0078125 0.015625
0 0.58671875 0.45703125 0.0125 0.01015625
0 0.565625 0.46484375 0.00703125 0.00703125
0 0.04453125 0.53671875 0.00859375 0.01328125
0 0.0328125 0.53046875 0.0078125 0.01484375
0 0.02578125 0.53984375 0.01171875 0.015625
0 0.009375 0.5828125 0.009375 0.01328125
0 0.0140625 0.55390625 0.0109375 0.01328125
0 0.009375 0.53828125 0.00703125 0.01171875
0 0.01640625 0.52578125 0.009375 0.01328125
0 0.04609375 0.49609375 0.009375 0.01171875
0 0.03515625 0.49296875 0.0078125 0.01015625
0 0.06328125 0.5375 0.009375 0.01484375
0 0.0515625 0.52421875 0.01015625 0.0125
0 0.0765625 0.52421875 0.00625 0.01015625
0 0.07421875 0.51484375 0.0125 0.01640625
0 0.0859375 0.51953125 0.0078125 0.01328125
0 0.20859375 0.51171875 0.01328125 0.01328125
0 0.16796875 0.50546875 0.0078125 0.00859375
0 0.15 0.51328125 0.00703125 0.01171875