0 0.91953125 0.50703125 0.0109375 0.015625
0 0.884375 0.49453125 0.0109375 0.01640625
0 0.8671875 0.465625 0.01171875 0.01796875
0 0.9015625 0.45625 0.01015625 0.0140625
0 0.84453125 0.4375 0.0109375 0.01796875
0 0.82421875 0.4390625 0.01015625 0.01640625
0 0.79453125 0.42109375 0.0109375 0.01484375
0 0.775 0.403125 0.01015625 0.015625
0 0.79375 0.3984375 0.01328125 0.01875
0 0.74765625 0.4140625 0.0109375 0.01328125
0 0.75 0.43671875 0.009375 0.01640625
0 0.7671875 0.434375 0.01171875 0.01640625
0 0.721875 0.42734375 0.0125 0.01171875
0 0.79765625 0.45078125 0.01015625 0.01484375
0 0.7921875 0.47578125 0.009375 0.01484375
0 0.825 0.50703125 0.01015625 0.0140625
0 0.84921875 0.5171875 0.0109375 0.015625
0 0.85625 0.5640625 0.01015625 0.01640625
0 0.8046875 0.51171875 0.00859375 0.0109375
0 0.9546875 0.5265625 0.009375 0.015625
0 0.746875 0.5234375 0.0109375 0.01875
0 0.74375 0.49453125 0.01015625 0.01328125
0 0.725 0.52734375 0.0109375 0.0140625
0 0.7875 0.52890625 0.01015625 0.01796875
0 0.7796875 0.50859375 0.009375 0.0140625
0 0.6640625 0.47265625 0.01015625 0.015625
0 0.62890625 0.53203125 0.01015625 0.01640625
0 0.64453125 0.559375 0.009375 0.01484375
0 0.646875 0.58125 0.0140625 0.015625
0 0.684375 0.56640625 0.01015625 0.01796875
0 0.678125 0.4734375 0.009375 0.01328125
0 0.66875 0.45078125 0.0109375 0.01640625
0 0.67890625 0.428125 0.009375 0.01640625
0 0.646875 0.41484375 0.009375 0.01484375
0 0.63125 0.43515625 0.0109375 0.01328125
0 0.61171875 0.4546875 0.009375 0.01328125
0 0.58984375 0.453125 0.009375 0.01328125
0 0.5765625 0.43203125 0.01015625 0.01171875
0 0.55234375 0.43828125 0.00859375 0.01328125
0 0.54296875 0.43984375 0.01015625 0.01484375
0 0.475 0.58828125 0.01328125 0.02109375
0 0.46875 0.465625 0.009375 0.01484375
0 0.484375 0.42734375 0.0109375 0.0140625
0 0.475 0.446875 0.0078125 0.01796875
0 0.4578125 0.45859375 0.009375 0.015625
0 0.43046875 0.43515625 0.00859375 0.01484375
0 0.34296875 0.5265625 0.0109375 0.01640625
0 0.34765625 0.621875 0.01484375 0.0234375
0 0.3546875 0.50859375 0.01015625 0.01328125
0 0.365625 0.534375 0.0109375 0.015625
0 0.36171875 0.471875 0.01171875 0.0140625
0 0.303125 0.51796875 0.01015625 0.01640625
0 0.3125 0.4984375 0.01015625 0.01796875
0 0.340625 0.45546875 0.0109375 0.01484375
0 0.3171875 0.434375 0.009375 0.01484375
0 0.36875 0.43125 0.01171875 0.015625
0 0.27734375 0.5703125 0.0109375 0.01875
0 0.2609375 0.56875 0.01328125 0.01875
0 0.2484375 0.546875 0.01171875 0.01953125
0 0.24609375 0.50078125 0.0125 0.01875
0 0.25703125 0.46640625 0.0109375 0.01640625
0 0.27109375 0.475 0.0109375 0.01484375
0 0.26875 0.44609375 0.009375 0.01875
0 0.24375 0.42578125 0.0078125 0.0140625
0 0.25 0.42421875 0.0078125 0.015625
0 0.20390625 0.5484375 0.009375 0.01796875
0 0.19375 0.534375 0.0078125 0.015625
0 0.184375 0.5140625 0.01171875 0.01796875
0 0.146875 0.55078125 0.01328125 0.015625
0 0.1734375 0.49453125 0.009375 0.01484375
0 0.125 0.49453125 0.00859375 0.01796875
0 0.134375 0.5171875 0.009375 0.0140625
0 0.134375 0.47890625 0.01328125 0.015625
0 0.17734375 0.45234375 0.009375 0.015625
0 0.13515625 0.44140625 0.0109375 0.015625
0 0.1421875 0.40703125 0.009375 0.0140625
0 0.16171875 0.4140625 0.009375 0.015625
0 0.1859375 0.415625 0.009375 0.01484375
0 0.20546875 0.4484375 0.01015625 0.01640625
0 0.19921875 0.40703125 0.00859375 0.015625
0 0.21875 0.421875 0.00859375 0.01640625
0 0.0390625 0.553125 0.01015625 0.01640625
0 0.0875 0.484375 0.01015625 0.01328125
0 0.06171875 0.46171875 0.00859375 0.01484375
0 0.08828125 0.46640625 0.00859375 0.0140625
0 0.096875 0.421875 0.009375 0.01328125
0 0.08125 0.434375 0.0078125 0.0140625
0 0.075 0.42578125 0.009375 0.01328125
0 0.02109375 0.48125 0.009375 0.01484375
0 0.0375 0.503125 0.0078125 0.015625
0 0.0265625 0.53125 0.01015625 0.01640625
0 0.01875 0.425 0.0078125 0.01640625
0 0.053125 0.42734375 0.009375 0.0140625
0 0.0375 0.39453125 0.009375 0.01171875
0 0.0484375 0.409375 0.00625 0.0140625
0 0.0546875 0.3765625 0.00859375 0.0140625
0 0.0265625 0.37734375 0.009375 0.015625