0 0.25625 0.66640625 0.06796875 0.06640625
0 0.1984375 0.61953125 0.04765625 0.07578125
0 0.075 0.79921875 0.0390625 0.12578125
0 0.021875 0.828125 0.04140625 0.17109375
0 0.13203125 0.9328125 0.10625 0.134375
0 0.20546875 0.875 0.0625 0.08984375
0 0.3703125 0.84453125 0.059375 0.09765625
0 0.2953125 0.90859375 0.0609375 0.09765625
0 0.26796875 0.88125 0.0671875 0.08359375
0 0.42265625 0.7265625 0.0921875 0.11328125
0 0.6109375 0.85078125 0.08828125 0.11640625
0 0.69453125 0.89609375 0.103125 0.15234375
0 0.7859375 0.78125 0.07734375 0.14609375
0 0.959375 0.63671875 0.075 0.12890625
0 0.45078125 0.39765625 0.0765625 0.08359375
0 0.325 0.38359375 0.05390625 0.07109375
0 0.21796875 0.3578125 0.05625 0.090625
0 0.02421875 0.41875 0.046875 0.07734375
0 0.103125 0.36953125 0.0625 0.065625
0 0.1078125 0.2359375 0.04453125 0.06328125
0 0.18046875 0.18984375 0.0421875 0.059375
0 0.30703125 0.3234375 0.0421875 0.06796875
0 0.2671875 0.3203125 0.04140625 0.06796875
0 0.41875 0.265625 0.04765625 0.0875
0 0.41328125 0.37890625 0.0421875 0.075
0 0.59375 0.38046875 0.0515625 0.078125
0 0.559375 0.3140625 0.05078125 0.08828125
0 0.7609375 0.32734375 0.05703125 0.109375
0 0.75703125 0.24609375 0.040625 0.06640625
0 0.621875 0.15078125 0.040625 0.05234375
0 0.50078125 0.1703125 0.0359375 0.053125
0 0.5390625 0.21015625 0.05078125 0.059375
0 0.3171875 0.125 0.0328125 0.06015625
0 0.221875 0.13984375 0.03828125 0.06015625
0 0.09375 0.13046875 0.02890625 0.05078125
0 0.01875 0.11484375 0.0328125 0.04609375
0 0.125 0.1390625 0.0375 0.05078125
0 0.2890625 0.07265625 0.028125 0.040625
0 0.2984375 0.103125 0.03046875 0.0375
0 0.94375 0.40625 0.05390625 0.09140625
0 0.76875 0.47421875 0.07734375 0.10546875
0 0.3546875 0.63359375 0.05546875 0.0875
0 0.6578125 0.690625 0.06171875 0.09609375
0 0.83984375 0.38828125 0.04375 0.05390625
0 0.87890625 0.3859375 0.0359375 0.06171875
0 0.709375 0.20546875 0.0421875 0.07265625
0 0.45078125 0.18984375 0.034375 0.05546875
0 0.41171875 0.18203125 0.0375 0.06015625
0 0.384375 0.2125 0.0390625 0.05859375
0 0.3265625 0.28515625 0.05625 0.05703125
0 0.78125 0.1421875 0.0375 0.04921875
0 0.82890625 0.09375 0.0375 0.05234375
0 0.946875 0.23359375 0.06171875 0.10078125
0 0.8875 0.10078125 0.03984375 0.06875
0 0.934375 0.0984375 0.03359375 0.06171875
0 0.95859375 0.1328125 0.0390625 0.03671875
0 0.759375 0.08046875 0.02734375 0.03828125
0 0.640625 0.02578125 0.03125 0.03828125
0 0.5921875 0.06953125 0.03515625 0.046875
0 0.54609375 0.090625 0.0328125 0.05390625
0 0.4375 0.09140625 0.0328125 0.04375
0 0.3671875 0.08828125 0.02578125 0.04140625
0 0.225 0.02890625 0.02578125 0.034375
0 0.165625 0.05859375 0.0359375 0.04296875
0 0.053125 0.03671875 0.03359375 0.034375
0 0.48125 0.02578125 0.0296875 0.03671875
0 0.6734375 0.02265625 0.028125 0.04296875
0 0.7546875 0.01953125 0.0265625 0.0375
0 0.98359375 0.02578125 0.03125 0.03671875
0 0.88125 0.03671875 0.03515625 0.02578125
0 0.4828125 0.33984375 0.04140625 0.04765625