0 0.2609375 0.51796875 0.1328125 0.19921875
0 0.365625 0.52421875 0.12890625 0.19609375
0 0.79375 0.45859375 0.15703125 0.25234375
0 0.49609375 0.7109375 0.184375 0.33203125
0 0.57578125 0.8578125 0.2296875 0.284375
0 0.03125 0.5125 0.06171875 0.21640625
0 0.10234375 0.3078125 0.0671875 0.07421875
0 0.1546875 0.19375 0.04921875 0.08359375
0 0.1453125 0.28359375 0.05078125 0.084375
0 0.03125 0.32890625 0.06015625 0.08046875
0 0.0265625 0.23671875 0.05078125 0.09296875
0 0.0703125 0.20859375 0.0484375 0.05703125
0 0.2671875 0.21015625 0.05703125 0.08125
0 0.196875 0.19921875 0.0453125 0.071875
0 0.3390625 0.31640625 0.0796875 0.121875
0 0.21953125 0.37578125 0.0796875 0.11171875
0 0.19140625 0.49765625 0.0734375 0.178125
0 0.3921875 0.30546875 0.07421875 0.11953125
0 0.53125 0.33671875 0.07109375 0.11640625
0 0.62421875 0.34453125 0.0671875 0.08203125
0 0.68828125 0.38671875 0.05625 0.1
0 0.93125 0.3515625 0.08359375 0.14453125
0 0.9328125 0.20546875 0.05703125 0.08984375
0 0.8484375 0.22890625 0.05859375 0.11875
0 0.771875 0.30390625 0.07265625 0.08828125
0 0.671875 0.2484375 0.06640625 0.10078125
0 0.6734375 0.16953125 0.053125 0.06796875
0 0.63203125 0.2671875 0.04375 0.059375
0 0.57421875 0.27734375 0.0578125 0.10234375
0 0.428125 0.27265625 0.04375 0.10546875
0 0.21953125 0.053125 0.03125 0.03984375
0 0.1671875 0.07109375 0.0265625 0.0375
0 0.296875 0.17578125 0.04453125 0.06484375
0 0.5 0.16875 0.03515625 0.0625
0 0.38203125 0.17734375 0.0671875 0.06875
0 0.6 0.171875 0.04453125 0.06875
0 0.79375 0.19453125 0.046875 0.06875
0 0.74296875 0.25234375 0.0609375 0.09765625
0 0.01171875 0.0234375 0.021875 0.03203125