0 0.02421875 0.91640625 0.02421875 0.0375
0 0.06953125 0.92109375 0.0234375 0.0359375
0 0.103125 0.94765625 0.0234375 0.03046875
0 0.10703125 0.971875 0.02421875 0.028125
0 0.17265625 0.9734375 0.02421875 0.03125
0 0.190625 0.86875 0.0265625 0.0328125
0 0.153125 0.86484375 0.02578125 0.03359375
0 0.08515625 0.8296875 0.02578125 0.03125
0 0.05546875 0.80390625 0.02265625 0.0328125
0 0.0375 0.759375 0.02421875 0.0296875
0 0.05859375 0.7328125 0.0265625 0.03515625
0 0.0984375 0.73046875 0.0234375 0.0296875
0 0.109375 0.7984375 0.025 0.02578125
0 0.14375 0.778125 0.025 0.03125
0 0.22578125 0.8203125 0.02109375 0.03046875
0 0.26015625 0.80859375 0.02578125 0.02734375
0 0.2078125 0.78828125 0.02265625 0.02734375
0 0.05234375 0.659375 0.0265625 0.0265625
0 0.09140625 0.64296875 0.02421875 0.025
0 0.12734375 0.6453125 0.02421875 0.03046875
0 0.0671875 0.60390625 0.02265625 0.0265625
0 0.15390625 0.66484375 0.021875 0.028125
0 0.1984375 0.68828125 0.02265625 0.0265625
0 0.25859375 0.6328125 0.0203125 0.02578125
0 0.21796875 0.60234375 0.021875 0.0265625
0 0.303125 0.6578125 0.0203125 0.02578125
0 0.33125 0.68984375 0.025 0.03203125
0 0.35234375 0.7484375 0.02265625 0.0296875
0 0.31875 0.828125 0.02421875 0.0265625
0 0.30078125 0.86953125 0.021875 0.02734375
0 0.36640625 0.95625 0.0234375 0.02734375
0 0.38125 0.8328125 0.021875 0.02734375
0 0.41796875 0.875 0.02421875 0.03046875
0 0.45859375 0.82109375 0.021875 0.028125
0 0.45234375 0.76953125 0.0234375 0.03203125
0 0.3921875 0.7109375 0.025 0.0328125
0 0.378125 0.6421875 0.0265625 0.02421875
0 0.4109375 0.6125 0.02265625 0.0296875
0 0.51875 0.8671875 0.025 0.034375
0 0.59765625 0.88046875 0.02578125 0.02890625
0 0.66796875 0.9015625 0.02265625 0.03359375
0 0.64765625 0.9203125 0.02265625 0.040625
0 0.5359375 0.84140625 0.02109375 0.0265625
0 0.5796875 0.79140625 0.021875 0.02734375
0 0.56796875 0.7328125 0.02421875 0.03125
0 0.60234375 0.7125 0.02265625 0.02890625
0 0.63984375 0.653125 0.01953125 0.028125
0 0.72265625 0.98046875 0.02109375 0.03046875
0 0.66640625 0.9703125 0.0234375 0.02890625
0 0.7125 0.615625 0.02109375 0.0265625
0 0.546875 0.615625 0.02109375 0.028125
0 0.515625 0.6453125 0.02109375 0.02734375
0 0.42890625 0.703125 0.01953125 0.03046875
0 0.50234375 0.628125 0.01953125 0.02578125
0 0.6640625 0.565625 0.02265625 0.0296875
0 0.6203125 0.553125 0.0265625 0.03125
0 0.51953125 0.57890625 0.02109375 0.02265625
0 0.49453125 0.58828125 0.01953125 0.021875
0 0.47734375 0.58828125 0.01875 0.034375
0 0.33125 0.5609375 0.021875 0.028125
0 0.25 0.5921875 0.021875 0.0265625
0 0.23515625 0.55703125 0.021875 0.028125
0 0.18046875 0.55234375 0.025 0.02734375
0 0.115625 0.59375 0.02265625 0.028125
0 0.128125 0.55 0.02109375 0.02265625
0 0.07265625 0.578125 0.021875 0.02578125
0 0.01171875 0.54765625 0.021875 0.03359375
0 0.08203125 0.50546875 0.02109375 0.02578125
0 0.08203125 0.534375 0.02421875 0.02265625
0 0.1375 0.49609375 0.021875 0.02421875
0 0.11171875 0.47421875 0.02109375 0.02734375
0 0.05390625 0.46484375 0.02421875 0.02890625
0 0.01640625 0.446875 0.0203125 0.0265625
0 0.075 0.44296875 0.0265625 0.02734375
0 0.1453125 0.4515625 0.02109375 0.025
0 0.18515625 0.4328125 0.0234375 0.03203125
0 0.14140625 0.4078125 0.01875 0.0234375
0 0.0171875 0.409375 0.02265625 0.028125
0 0.03671875 0.3875 0.0203125 0.021875
0 0.0125 0.38828125 0.01953125 0.028125
0 0.228125 0.4171875 0.025 0.03046875
0 0.2375 0.48984375 0.01953125 0.0265625
0 0.29140625 0.5703125 0.01875 0.02734375
0 0.3078125 0.5359375 0.02265625 0.028125
0 0.3328125 0.515625 0.025 0.02734375
0 0.4046875 0.52734375 0.0234375 0.0328125
0 0.42578125 0.55859375 0.02109375 0.02421875
0 0.5078125 0.5390625 0.01953125 0.02421875
0 0.2890625 0.46015625 0.01953125 0.025
0 0.3171875 0.46640625 0.0234375 0.02109375
0 0.2703125 0.40234375 0.0171875 0.02265625
0 0.28984375 0.39296875 0.01640625 0.01953125
0 0.325 0.3921875 0.02109375 0.02734375
0 0.36328125 0.4171875 0.02265625 0.02578125
0 0.3953125 0.45078125 0.021875 0.028125
0 0.4359375 0.46484375 0.021875 0.0234375
0 0.465625 0.48359375 0.021875 0.02109375
0 0.48359375 0.48359375 0.0203125 0.02421875
0 0.50625 0.48046875 0.02265625 0.03046875
0 0.4953125 0.5125 0.02109375 0.0234375
0 0.52734375 0.51640625 0.02265625 0.02265625
0 0.57421875 0.5484375 0.028125 0.02578125
0 0.6859375 0.55 0.02890625 0.028125
0 0.615625 0.4890625 0.02109375 0.0265625
0 0.5421875 0.48671875 0.02265625 0.028125
0 0.43828125 0.41796875 0.02421875 0.0265625
0 0.49453125 0.409375 0.02109375 0.02421875
0 0.5171875 0.42578125 0.02265625 0.025
0 0.45703125 0.396875 0.02109375 0.0234375
0 0.61875 0.43515625 0.021875 0.02890625
0 0.6640625 0.46015625 0.0234375 0.028125
0 0.7140625 0.4796875 0.0203125 0.02734375
0 0.6609375 0.4921875 0.02109375 0.0234375
0 0.72265625 0.528125 0.02265625 0.02890625
0 0.11328125 0.35625 0.02109375 0.02265625
0 0.06953125 0.35078125 0.02109375 0.025
0 0.03359375 0.3515625 0.02109375 0.02421875
0 0.01171875 0.35390625 0.01796875 0.02578125
0 0.02109375 0.27421875 0.01875 0.01953125
0 0.0671875 0.29609375 0.01875 0.021875
0 0.04296875 0.2734375 0.01953125 0.02109375
0 0.0140625 0.24765625 0.01640625 0.02265625
0 0.06640625 0.253125 0.02109375 0.025
0 0.08046875 0.24296875 0.01875 0.0234375
0 0.09453125 0.278125 0.0171875 0.0265625
0 0.1125 0.28828125 0.0171875 0.02265625
0 0.1546875 0.31953125 0.0171875 0.0203125
0 0.14453125 0.3453125 0.01953125 0.0265625
0 0.17421875 0.32890625 0.0171875 0.02265625
0 0.1109375 0.321875 0.0203125 0.028125
0 0.1390625 0.290625 0.01875 0.0265625
0 0.1546875 0.23203125 0.01953125 0.0203125
0 0.16328125 0.28671875 0.01484375 0.01953125
0 0.2171875 0.334375 0.02109375 0.02734375
0 0.2375 0.36640625 0.0171875 0.02265625
0 0.2609375 0.3515625 0.01875 0.021875
0 0.26484375 0.32109375 0.0171875 0.025
0 0.23515625 0.30078125 0.01796875 0.02578125
0 0.203125 0.2625 0.0203125 0.025
0 0.22421875 0.17421875 0.0203125 0.02578125
0 0.24609375 0.1703125 0.01953125 0.028125
0 0.2265625 0.19609375 0.0203125 0.02265625
0 0.27578125 0.21875 0.021875 0.02421875
0 0.334375 0.1953125 0.02265625 0.02734375
0 0.328125 0.24765625 0.021875 0.0265625
0 0.29765625 0.290625 0.0203125 0.028125
0 0.26015625 0.28046875 0.0203125 0.02890625
0 0.44921875 0.28125 0.02578125 0.02421875
0 0.36640625 0.2859375 0.02109375 0.02734375
0 0.528125 0.171875 0.02265625 0.0234375