0 0.034375 0.426562 0.040625 0.078125 0.40237
0 0.353906 0.707031 0.0265625 0.0546875 0.40303
0 0.367188 0.416406 0.025 0.0515625 0.404185
0 0.853125 0.117188 0.0375 0.065625 0.407295
0 0.7375 0.0914062 0.03125 0.0546875 0.410902
0 0.274219 0.250781 0.0328125 0.0609375 0.414577
0 0.627344 0.229687 0.0390625 0.06875 0.41488
0 0.305469 0.735156 0.0265625 0.0578125 0.418799
0 0.225781 0.0539063 0.0390625 0.0765625 0.420897
0 0.334375 0.273438 0.040625 0.071875 0.424432
0 0.336719 0.0429688 0.0390625 0.0703125 0.424481
0 0.197656 0.454688 0.0296875 0.059375 0.428034
0 0.544531 0.783594 0.0359375 0.0609375 0.430188
0 0.935938 0.944531 0.0625 0.0953125 0.430482
0 0.540625 0.339844 0.03125 0.0484375 0.43049
0 0.357812 0.532031 0.034375 0.0671875 0.431037
0 0.753125 0.510156 0.034375 0.0609375 0.431351
0 0.1 0.86875 0.0375 0.065625 0.432635
0 0.539062 0.453125 0.034375 0.06875 0.434674
0 0.647656 0.288281 0.0328125 0.0546875 0.434984
0 0.940625 0.710938 0.034375 0.071875 0.438078
0 0.566406 0.415625 0.0328125 0.065625 0.439716
0 0.748438 0.250781 0.034375 0.0578125 0.444487
0 0.967969 0.800781 0.0390625 0.0796875 0.447055
0 0.626562 0.59375 0.04375 0.06875 0.447608
0 0.0953125 0.632031 0.034375 0.0609375 0.455294
0 0.278125 0.0789063 0.034375 0.0640625 0.463381
0 0.536719 0.703906 0.0359375 0.0796875 0.466005
0 0.570312 0.228125 0.034375 0.071875 0.470506
0 0.742969 0.657031 0.0390625 0.0703125 0.471491
0 0.679688 0.425781 0.034375 0.0609375 0.473936
0 0.144531 0.100781 0.0296875 0.0578125 0.474701
0 0.796094 0.864062 0.0390625 0.075 0.476612
0 0.907031 0.247656 0.0328125 0.0578125 0.48036
0 0.570312 0.516406 0.034375 0.0640625 0.481053
0 0.844531 0.428125 0.0390625 0.071875 0.48181
0 0.238281 0.592969 0.0328125 0.0703125 0.48409
0 0.930469 0.172656 0.0296875 0.0546875 0.486294
0 0.582812 0.849219 0.0375 0.0734375 0.486534
0 0.278906 0.025 0.0296875 0.05 0.490385
0 0.9875 0.191406 0.025 0.0671875 0.492492
0 0.840625 0.336719 0.034375 0.0609375 0.493392
0 0.539844 0.194531 0.0359375 0.0578125 0.49418
0 0.090625 0.0898438 0.04375 0.0765625 0.496775
0 0.0476562 0.633594 0.0390625 0.0734375 0.500431
0 0.808594 0.582031 0.0421875 0.0640625 0.505837
0 0.829687 0.289844 0.034375 0.0640625 0.50888
0 0.178125 0.374219 0.03125 0.0640625 0.509545
0 0.646094 0.0789063 0.0421875 0.0765625 0.511592
0 0.147656 0.599219 0.0359375 0.0703125 0.515528
0 0.132812 0.532031 0.0375 0.0734375 0.516099
0 0.817969 0.0757812 0.0328125 0.0609375 0.532292
0 0.721875 0.814062 0.046875 0.0875 0.536428
0 0.225 0.959375 0.046875 0.08125 0.536763
0 0.501562 0.176563 0.03125 0.0625 0.542813
0 0.861719 0.65 0.0421875 0.05625 0.550577
0 0.0945313 0.960938 0.0359375 0.075 0.553843
0 0.98125 0.0390625 0.034375 0.05625 0.554775
0 0.722656 0.33125 0.0359375 0.0625 0.554875
0 0.201562 0.260938 0.0375 0.08125 0.555024
0 0.663281 0.367969 0.0390625 0.0734375 0.562906
0 0.0648438 0.19375 0.0328125 0.06875 0.565239
0 0.327344 0.664844 0.0359375 0.0671875 0.567002
0 0.779688 0.932813 0.04375 0.071875 0.569137
0 0.499219 0.578125 0.0421875 0.065625 0.57041
0 0.427344 0.06875 0.0328125 0.0625 0.570722
0 0.302344 0.185937 0.0359375 0.075 0.571507
0 0.0148437 0.509375 0.0296875 0.075 0.574027
0 0.474219 0.113281 0.0328125 0.0609375 0.582031
0 0.648438 0.685938 0.040625 0.071875 0.585786
0 0.371875 0.967969 0.0375 0.0640625 0.586205
0 0.090625 0.314844 0.034375 0.0734375 0.588904
0 0.917188 0.021875 0.028125 0.04375 0.594642
0 0.600781 0.332031 0.0328125 0.0609375 0.595698
0 0.798437 0.235156 0.0375 0.0640625 0.601088
0 0.601562 0.667969 0.04375 0.0734375 0.603109
0 0.4375 0.33125 0.0375 0.075 0.604104
0 0.199219 0.827344 0.0390625 0.0796875 0.604817
0 0.103906 0.783594 0.0359375 0.0671875 0.612143
0 0.602344 0.0882813 0.0328125 0.0734375 0.613467
0 0.113281 0.401563 0.0359375 0.06875 0.617628
0 0.146094 0.217187 0.0359375 0.0625 0.617925
0 0.497656 0.650781 0.0390625 0.0734375 0.619444
0 0.189063 0.03125 0.034375 0.0625 0.623631
0 0.427344 0.115625 0.0359375 0.065625 0.624057
0 0.246094 0.346875 0.0359375 0.06875 0.627192
0 0.142188 0.338281 0.034375 0.0734375 0.628147
0 0.564062 0.592969 0.040625 0.0640625 0.636211
0 0.311719 0.33125 0.0359375 0.078125 0.643282
0 0.0257812 0.94375 0.0515625 0.075 0.654292
0 0.322656 0.823438 0.0421875 0.065625 0.657249
0 0.660156 0.820312 0.0453125 0.084375 0.659457
0 0.209375 0.157031 0.03125 0.0609375 0.661106
0 0.150781 0.895312 0.0546875 0.096875 0.666428
0 0.2625 0.761719 0.0375 0.0703125 0.678453
0 0.0640625 0.558594 0.0375 0.0671875 0.69333
0 0.690625 0.542969 0.040625 0.0703125 0.695491
0 0.454688 0.503125 0.040625 0.0625 0.701044
0 0.164062 0.427344 0.040625 0.0796875 0.701749
0 0.51875 0.273438 0.034375 0.05625 0.702401
0 0.234375 0.667188 0.040625 0.071875 0.702984
0 0.39375 0.717188 0.0375 0.071875 0.706195
0 0.394531 0.466406 0.0359375 0.0703125 0.709878
0 0.404687 0.6125 0.0375 0.08125 0.709977
0 0.0210938 0.29375 0.0359375 0.0625 0.714077
0 0.267188 0.497656 0.04375 0.0734375 0.716547
0 0.375781 0.142188 0.0421875 0.075 0.718596
0 0.46875 0.776563 0.040625 0.06875 0.726117
0 0.391406 0.875 0.0359375 0.065625 0.73385
0 0.159375 0.742969 0.040625 0.0703125 0.740187
0 0.0265625 0.114844 0.046875 0.0921875 0.760787
0 0.590625 0.767969 0.040625 0.0671875 0.788624
