0 0.904688 0.447656 0.01875 0.0171875 0.400272
0 0.603125 0.675781 0.01875 0.0265625 0.401091
0 0.88125 0.476562 0.01875 0.025 0.401968
0 0.785156 0.634375 0.0296875 0.01875 0.403172
0 0.31875 0.935938 0.01875 0.021875 0.405234
0 0.525781 0.0734375 0.0203125 0.021875 0.405505
0 0.957812 0.970312 0.021875 0.025 0.40637
0 0.397656 0.296875 0.0171875 0.01875 0.409896
0 0.786719 0.538281 0.0140625 0.0234375 0.410193
0 0.238281 0.435156 0.0203125 0.0203125 0.410299
0 0.704687 0.761719 0.015625 0.0203125 0.412334
0 0.557813 0.150781 0.015625 0.0203125 0.416844
0 0.28125 0.609375 0.025 0.021875 0.418211
0 0.482031 0.110156 0.0203125 0.0203125 0.418262
0 0.414062 0.24375 0.015625 0.01875 0.418323
0 0.170312 0.936719 0.01875 0.0234375 0.419766
0 0.646094 0.0914062 0.0171875 0.0203125 0.419966
0 0.625 0.285156 0.021875 0.0296875 0.422676
0 0.278125 0.339844 0.01875 0.0234375 0.423881
0 0.507031 0.183594 0.0171875 0.0234375 0.424794
0 0.603125 0.485156 0.021875 0.0234375 0.424917
0 0.879687 0.535156 0.01875 0.0203125 0.425608
0 0.880469 0.623438 0.0203125 0.025 0.425692
0 0.14375 0.821875 0.021875 0.01875 0.426001
0 0.135156 0.275 0.0171875 0.021875 0.428263
0 0.599219 0.124219 0.0171875 0.0203125 0.428326
0 0.854688 0.470313 0.01875 0.025 0.430686
0 0.725 0.438281 0.01875 0.0203125 0.430854
0 0.721875 0.910156 0.01875 0.0203125 0.432856
0 0.907812 0.4875 0.01875 0.021875 0.435208
0 0.177344 0.5125 0.0203125 0.021875 0.436741
0 0.0898438 0.303125 0.0203125 0.021875 0.439021
0 0.933594 0.408594 0.0234375 0.0265625 0.44076
0 0.246875 0.0882813 0.01875 0.0203125 0.441062
0 0.771094 0.400781 0.0171875 0.0234375 0.441728
0 0.189063 0.829687 0.01875 0.021875 0.441809
0 0.392188 0.224219 0.01875 0.0265625 0.442047
0 0.754687 0.507031 0.021875 0.0296875 0.443191
0 0.439844 0.196875 0.0171875 0.021875 0.443415
0 0.0390625 0.26875 0.015625 0.021875 0.443805
0 0.183594 0.46875 0.0203125 0.021875 0.447782
0 0.665625 0.846094 0.021875 0.0171875 0.447954
0 0.792969 0.596094 0.0171875 0.0234375 0.448618
0 0.450781 0.150781 0.0203125 0.0203125 0.448864
0 0.5875 0.295312 0.01875 0.028125 0.449037
0 0.0898438 0.239063 0.0234375 0.021875 0.449261
0 0.346094 0.939062 0.0203125 0.021875 0.449726
0 0.0078125 0.446875 0.015625 0.021875 0.450035
0 0.819531 0.889844 0.0234375 0.0234375 0.450652
0 0.529688 0.597656 0.01875 0.0171875 0.450753
0 0.507031 0.639063 0.0234375 0.021875 0.453546
0 0.634375 0.835156 0.01875 0.0234375 0.453759
0 0.495313 0.683594 0.021875 0.0171875 0.454251
0 0.445312 0.25625 0.01875 0.028125 0.455772
0 0.619531 0.138281 0.0203125 0.0203125 0.456574
0 0.795313 0.791406 0.01875 0.0234375 0.458175
0 0.108594 0.492969 0.0203125 0.0265625 0.458259
0 0.13125 0.951563 0.021875 0.028125 0.458425
0 0.650781 0.648438 0.0203125 0.028125 0.460253
0 0.760156 0.445312 0.0171875 0.028125 0.460543
0 0.314063 0.298438 0.025 0.025 0.460873
0 0.135937 0.207813 0.021875 0.021875 0.463068
0 0.769531 0.865625 0.0203125 0.025 0.463314
0 0.6 0.0570313 0.01875 0.0234375 0.46839
0 0.434375 0.2 0.01875 0.021875 0.468475
0 0.492969 0.982813 0.0234375 0.021875 0.470029
0 0.335938 0.309375 0.01875 0.021875 0.470342
0 0.563281 0.319531 0.0171875 0.0203125 0.470354
0 0.421094 0.40625 0.0203125 0.01875 0.471301
0 0.455469 0.963281 0.0171875 0.0203125 0.472146
0 0.210938 0.320312 0.025 0.03125 0.472803
0 0.253125 0.492188 0.01875 0.025 0.474163
0 0.339844 0.986719 0.0203125 0.0234375 0.474892
0 0.771875 0.0460938 0.01875 0.0265625 0.475929
0 0.209375 0.473437 0.021875 0.021875 0.478343
0 0.633594 0.683594 0.0171875 0.0171875 0.480099
0 0.739844 0.767187 0.0171875 0.021875 0.480337
0 0.139062 0.440625 0.021875 0.021875 0.481227
0 0.391406 0.758594 0.0203125 0.0203125 0.482755
0 0.557813 0.208594 0.028125 0.0203125 0.484055
0 0.103125 0.432031 0.01875 0.0234375 0.487879
0 0.138281 0.389844 0.0171875 0.0203125 0.491032
0 0.835938 0.978125 0.015625 0.025 0.492082
0 0.54375 0.801562 0.01875 0.021875 0.496871
0 0.328125 0.189063 0.01875 0.025 0.50141
0 0.321094 0.353906 0.0203125 0.0234375 0.50283
0 0.157031 0.454688 0.0203125 0.021875 0.503165
0 0.132812 0.561719 0.021875 0.0203125 0.503215
0 0.315625 0.821875 0.01875 0.01875 0.50372
0 0.09375 0.298438 0.01875 0.021875 0.504703
0 0.178125 0.352344 0.01875 0.0234375 0.50642
0 0.965625 0.773438 0.025 0.01875 0.507888
0 0.282813 0.867188 0.021875 0.021875 0.508194
0 0.930469 0.910156 0.0203125 0.0234375 0.509022
0 0.177344 0.732813 0.0171875 0.025 0.51099
0 0.128125 0.320312 0.015625 0.021875 0.511477
0 0.620313 0.0703125 0.015625 0.021875 0.512116
0 0.244531 0.267969 0.0171875 0.0234375 0.513435
0 0.432813 0.559375 0.01875 0.021875 0.514464
0 0.853906 0.798437 0.0203125 0.021875 0.518181
0 0.764063 0.783594 0.01875 0.0203125 0.521206
0 0.259375 0.45 0.015625 0.021875 0.522817
0 0.0640625 0.571094 0.015625 0.0203125 0.523083
0 0.071875 0.946094 0.028125 0.0171875 0.531528
0 0.307813 0.771875 0.01875 0.021875 0.532952
0 0.758594 0.721094 0.0140625 0.0203125 0.537346
0 0.908594 0.396875 0.0203125 0.021875 0.539583
0 0.353906 0.424219 0.0203125 0.0234375 0.546525
0 0.729688 0.8625 0.01875 0.021875 0.552723
0 0.826563 0.934375 0.015625 0.025 0.569401
0 0.357812 0.221094 0.021875 0.0203125 0.578194
0 0.0195312 0.25 0.0171875 0.021875 0.59676
0 0.79375 0.966406 0.01875 0.0265625 0.60676
0 0.65 0.7375 0.015625 0.021875 0.609839
