0 0.594531 0.661719 0.0296875 0.0515625 0.403277
0 0.358594 0.413281 0.0203125 0.0390625 0.404119
0 0.70625 0.60625 0.028125 0.04375 0.408437
0 0.820312 0.415625 0.03125 0.05 0.413298
0 0.821094 0.359375 0.0234375 0.0375 0.42141
0 0.875 0.55625 0.025 0.040625 0.423042
0 0.817187 0.658594 0.028125 0.0421875 0.423075
0 0.858594 0.635156 0.0296875 0.0421875 0.425084
0 0.965625 0.421875 0.025 0.034375 0.427058
0 0.485938 0.413281 0.025 0.0421875 0.427647
0 0.490625 0.9625 0.034375 0.075 0.42998
0 0.554688 0.296875 0.021875 0.0375 0.435665
0 0.01875 0.417188 0.021875 0.0375 0.436305
0 0.378125 0.683594 0.028125 0.0640625 0.436548
0 0.898438 0.261719 0.01875 0.0265625 0.437872
0 0.471094 0.480469 0.0265625 0.0421875 0.439709
0 0.807813 0.483594 0.021875 0.0359375 0.449985
0 0.142188 0.501562 0.028125 0.04375 0.452169
0 0.127344 0.820312 0.0328125 0.05625 0.453317
0 0.0359375 0.338281 0.025 0.0390625 0.458736
0 0.920313 0.401563 0.025 0.0375 0.462659
0 0.884375 0.428906 0.028125 0.0515625 0.466401
0 0.111719 0.351562 0.0234375 0.04375 0.476358
0 0.01875 0.910156 0.03125 0.0546875 0.489109
0 0.194531 0.617188 0.0328125 0.05 0.490088
0 0.742969 0.407813 0.0234375 0.040625 0.490342
0 0.46875 0.326562 0.015625 0.0375 0.492509
0 0.416406 0.407813 0.0203125 0.0375 0.49423
0 0.0734375 0.783594 0.034375 0.0578125 0.497762
0 0.689062 0.553125 0.025 0.040625 0.497829
0 0.05 0.410937 0.025 0.0375 0.498298
0 0.0328125 0.386719 0.028125 0.0359375 0.503085
0 0.457812 0.369531 0.021875 0.0359375 0.509013
0 0.414062 0.486719 0.025 0.0421875 0.512284
0 0.779688 0.4 0.021875 0.0375 0.516304
0 0.685156 0.771875 0.0328125 0.065625 0.516539
0 0.377344 0.417969 0.0171875 0.0359375 0.516998
0 0.267188 0.378906 0.01875 0.0359375 0.520189
0 0.725 0.617969 0.028125 0.0515625 0.523872
0 0.164844 0.38125 0.0265625 0.040625 0.525941
0 0.897656 0.521875 0.0296875 0.040625 0.531058
0 0.232031 0.432813 0.0234375 0.0375 0.533945
0 0.425781 0.521094 0.0265625 0.0421875 0.534423
0 0.0882813 0.460156 0.0296875 0.0453125 0.535397
0 0.307813 0.371094 0.021875 0.0359375 0.536609
0 0.903906 0.651563 0.0328125 0.046875 0.537152
0 0.132812 0.420312 0.028125 0.0375 0.5387
0 0.959375 0.494531 0.025 0.0421875 0.540115
0 0.6 0.613281 0.03125 0.0453125 0.544967
0 0.570312 0.741406 0.034375 0.0640625 0.545602
0 0.655469 0.592969 0.0265625 0.0484375 0.549387
0 0.839063 0.466406 0.021875 0.0390625 0.550363
0 0.183594 0.351562 0.0203125 0.0375 0.550428
0 0.813281 0.522656 0.0265625 0.0453125 0.550607
0 0.355469 0.933594 0.0453125 0.0984375 0.554817
0 0.0945313 0.375 0.0265625 0.046875 0.555224
0 0.444531 0.473437 0.0234375 0.04375 0.559117
0 0.751562 0.561719 0.028125 0.0484375 0.563611
0 0.0171875 0.64375 0.034375 0.05625 0.564521
0 0.135937 0.457031 0.028125 0.0421875 0.565309
0 0.850781 0.55625 0.0265625 0.04375 0.567532
0 0.182031 0.492188 0.0296875 0.04375 0.573018
0 0.422656 0.438281 0.0203125 0.0421875 0.575272
0 0.009375 0.380469 0.01875 0.0421875 0.575866
0 0.0617188 0.574219 0.0328125 0.0453125 0.579418
0 0.707812 0.391406 0.021875 0.0390625 0.581896
0 0.985937 0.582031 0.028125 0.0421875 0.585768
0 0.935156 0.475781 0.0265625 0.0390625 0.586747
0 0.342187 0.4 0.025 0.04375 0.599988
0 0.36875 0.839844 0.034375 0.0609375 0.602887
0 0.896094 0.599219 0.0265625 0.0421875 0.605328
0 0.758594 0.517969 0.0234375 0.0359375 0.614387
0 0.986719 0.53125 0.0265625 0.040625 0.614517
0 0.386719 0.445312 0.0234375 0.040625 0.616581
0 0.285156 0.507812 0.0234375 0.04375 0.617795
0 0.870313 0.475 0.025 0.0375 0.619506
0 0.0914062 0.591406 0.0296875 0.0515625 0.627185
0 0.230469 0.46875 0.0265625 0.04375 0.627247
0 0.238281 0.5375 0.0296875 0.040625 0.630885
0 0.914062 0.575781 0.025 0.0453125 0.6368
0 0.65625 0.635938 0.028125 0.04375 0.637073
0 0.945312 0.582031 0.025 0.0390625 0.637433
0 0.278125 0.650781 0.03125 0.0515625 0.64082
0 0.132031 0.540625 0.0296875 0.05 0.644179
0 0.953906 0.621875 0.0265625 0.046875 0.644282
0 0.0882813 0.901563 0.0328125 0.053125 0.649405
0 0.0960938 0.420312 0.0234375 0.040625 0.650254
0 0.590625 0.683594 0.034375 0.0609375 0.650554
0 0.436719 0.8625 0.0359375 0.06875 0.652543
0 0.507031 0.489062 0.0234375 0.04375 0.654317
0 0.301562 0.410937 0.025 0.040625 0.658117
0 0.286719 0.457031 0.0265625 0.0453125 0.658371
0 0.09375 0.551562 0.028125 0.046875 0.664822
0 0.132031 0.653125 0.0359375 0.05 0.665779
0 0.333594 0.459375 0.0234375 0.040625 0.668925
0 0.071875 0.340625 0.021875 0.0375 0.669468
0 0.355469 0.58125 0.0265625 0.05 0.672513
0 0.0398437 0.517969 0.0296875 0.0484375 0.678124
0 0.508594 0.653906 0.0296875 0.0578125 0.680279
0 0.332812 0.746875 0.034375 0.0625 0.680741
0 0.399219 0.515625 0.0265625 0.040625 0.681726
0 0.682031 0.471875 0.0234375 0.04375 0.683881
0 0.021875 0.723437 0.034375 0.053125 0.689141
0 0.0304688 0.444531 0.0328125 0.0515625 0.690901
0 0.720312 0.430469 0.021875 0.0390625 0.691473
0 0.205469 0.430469 0.0234375 0.0421875 0.702502
0 0.0617188 0.676562 0.0328125 0.053125 0.703083
0 0.38125 0.663281 0.028125 0.0578125 0.705526
0 0.378125 0.714063 0.03125 0.059375 0.707843
0 0.667188 0.419531 0.021875 0.0390625 0.709196
0 0.360156 0.533594 0.0265625 0.0421875 0.717394
0 0.321094 0.539062 0.0296875 0.046875 0.722471
0 0.171875 0.425781 0.025 0.0421875 0.729156
0 0.317969 0.619531 0.0296875 0.0484375 0.736633
0 0.45625 0.563281 0.028125 0.0515625 0.73753
0 0.201562 0.713281 0.03125 0.0609375 0.738187
0 0.369531 0.492969 0.0234375 0.0421875 0.773339
