0 0.511719 0.0109375 0.0171875 0.021875 0.408557
0 0.0953125 0.0101562 0.015625 0.0203125 0.414543
0 0.652344 0.0351562 0.0234375 0.0328125 0.424559
0 0.177344 0.183594 0.0234375 0.0296875 0.425134
0 0.689844 0.442187 0.0296875 0.040625 0.429313
0 0.288281 0.0554687 0.0203125 0.0296875 0.433986
0 0.45 0.554688 0.028125 0.05 0.443029
0 0.901563 0.652344 0.04375 0.0546875 0.446679
0 0.009375 0.396094 0.01875 0.0359375 0.449942
0 0.503125 0.321094 0.028125 0.0515625 0.467329
0 0.875 0.321094 0.028125 0.0515625 0.467833
0 0.378125 0.0609375 0.03125 0.053125 0.476125
0 0.0695312 0.0148437 0.0265625 0.0296875 0.484751
0 0.328125 0.0554687 0.021875 0.0296875 0.489097
0 0.463281 0.0125 0.0203125 0.025 0.49305
0 0.870313 0.309375 0.021875 0.03125 0.503923
0 0.0148437 0.710156 0.0265625 0.0359375 0.503963
0 0.282813 0.653125 0.03125 0.046875 0.510036
0 0.121875 0.0171875 0.021875 0.034375 0.510476
0 0.808594 0.821094 0.0328125 0.0546875 0.516566
0 0.946875 0.392969 0.028125 0.0453125 0.521619
0 0.989062 0.182031 0.021875 0.0390625 0.521624
0 0.9625 0.858594 0.04375 0.0515625 0.524435
0 0.489062 0.459375 0.03125 0.046875 0.538401
0 0.602344 0.471875 0.0265625 0.04375 0.541461
0 0.378906 0.279687 0.0265625 0.040625 0.544393
0 0.382812 0.0507812 0.025 0.0359375 0.546105
0 0.116406 0.0898438 0.0265625 0.0453125 0.546743
0 0.471875 0.216406 0.028125 0.0421875 0.547029
0 0.73125 0.01875 0.021875 0.0375 0.552077
0 0.692187 0.0210938 0.025 0.0421875 0.555413
0 0.94375 0.157031 0.021875 0.0328125 0.555994
0 0.455469 0.539844 0.0296875 0.0515625 0.560563
0 0.914062 0.286719 0.028125 0.0421875 0.560638
0 0.892187 0.819531 0.025 0.0421875 0.564017
0 0.201562 0.075 0.025 0.040625 0.568322
0 0.159375 0.308594 0.025 0.0328125 0.576005
0 0.1125 0.339063 0.025 0.040625 0.57937
0 0.300781 0.629687 0.0296875 0.046875 0.580174
0 0.234375 0.949219 0.028125 0.0453125 0.581621
0 0.103125 0.467187 0.025 0.046875 0.583341
0 0.31875 0.0757812 0.028125 0.0421875 0.58561
0 0.489844 0.538281 0.0265625 0.0484375 0.586536
0 0.0125 0.783594 0.025 0.0421875 0.58954
0 0.765625 0.9625 0.034375 0.059375 0.591054
0 0.810938 0.0179687 0.025 0.0359375 0.595522
0 0.336719 0.646875 0.0265625 0.04375 0.597915
0 0.526563 0.195312 0.028125 0.05 0.599871
0 0.320312 0.189063 0.025 0.040625 0.59988
0 0.0203125 0.535937 0.025 0.0375 0.599938
0 0.0265625 0.511719 0.025 0.0515625 0.600712
0 0.015625 0.025 0.021875 0.040625 0.601845
0 0.561719 0.322656 0.0328125 0.0546875 0.603236
0 0.167187 0.967969 0.028125 0.0515625 0.605383
0 0.510938 0.558594 0.028125 0.0453125 0.606316
0 0.009375 0.0710938 0.01875 0.0359375 0.607529
0 0.450781 0.0625 0.0203125 0.040625 0.611368
0 0.501562 0.545313 0.028125 0.05 0.611702
0 0.429688 0.367188 0.03125 0.046875 0.613656
0 0.776563 0.442187 0.028125 0.046875 0.613663
0 0.936719 0.084375 0.0265625 0.040625 0.613805
0 0.810156 0.435937 0.0296875 0.0375 0.614124
0 0.663281 0.310937 0.0328125 0.046875 0.618633
0 0.0609375 0.382031 0.028125 0.0390625 0.618968
0 0.107031 0.9625 0.0359375 0.04375 0.620187
0 0.0585938 0.657812 0.0328125 0.046875 0.620664
0 0.513281 0.73125 0.0328125 0.05 0.622347
0 0.914844 0.385156 0.0265625 0.0390625 0.624292
0 0.799219 0.960156 0.0265625 0.0484375 0.624496
0 0.886719 0.954687 0.0359375 0.059375 0.627366
0 0.852344 0.392188 0.0265625 0.040625 0.629738
0 0.280469 0.1875 0.0265625 0.040625 0.630992
0 0.601562 0.01875 0.025 0.0375 0.63108
0 0.78125 0.823438 0.034375 0.05 0.631676
0 0.600781 0.7375 0.0328125 0.05 0.632128
0 0.616406 0.11875 0.0234375 0.040625 0.63521
0 0.270312 0.0320312 0.021875 0.0359375 0.635261
0 0.448438 0.85 0.034375 0.053125 0.635901
0 0.0851562 0.273438 0.0265625 0.0375 0.636359
0 0.310156 0.380469 0.0296875 0.0421875 0.64044
0 0.908594 0.610156 0.0296875 0.0421875 0.642286
0 0.895312 0.108594 0.025 0.0453125 0.642789
0 0.282031 0.446094 0.0265625 0.0390625 0.645567
0 0.740625 0.371875 0.025 0.04375 0.645579
0 0.213281 0.3375 0.0328125 0.04375 0.645934
0 0.730469 0.0890625 0.0265625 0.05 0.646122
0 0.826563 0.754687 0.03125 0.053125 0.649493
0 0.240625 0.235156 0.025 0.0390625 0.651308
0 0.215625 0.489844 0.028125 0.0390625 0.653
0 0.133594 0.185937 0.0234375 0.034375 0.653751
0 0.078125 0.115625 0.025 0.046875 0.655101
0 0.0265625 0.267969 0.028125 0.0453125 0.655762
0 0.607813 0.314063 0.028125 0.04375 0.656133
0 0.164844 0.021875 0.0265625 0.04375 0.657286
0 0.366406 0.182812 0.0296875 0.040625 0.658138
0 0.98125 0.452344 0.025 0.0484375 0.659648
0 0.122656 0.102344 0.0265625 0.0421875 0.659713
0 0.335938 0.446094 0.028125 0.0421875 0.660648
0 0.6625 0.192969 0.025 0.0421875 0.661428
0 0.115625 0.639063 0.028125 0.053125 0.663916
0 0.286719 0.36875 0.0265625 0.0375 0.663976
0 0.971875 0.05625 0.025 0.040625 0.664139
0 0.703125 0.978906 0.034375 0.0421875 0.665224
0 0.0320312 0.833594 0.0265625 0.0390625 0.666383
0 0.140625 0.28125 0.028125 0.040625 0.666823
0 0.216406 0.0375 0.0265625 0.04375 0.667871
0 0.0585938 0.05625 0.0234375 0.0375 0.668253
0 0.228906 0.874219 0.0296875 0.0453125 0.669745
0 0.932031 0.276563 0.0265625 0.034375 0.670219
0 0.796094 0.382031 0.0265625 0.0421875 0.671444
0 0.189844 0.127344 0.0234375 0.0359375 0.672555
0 0.775781 0.700781 0.0265625 0.0453125 0.6732
0 0.0328125 0.428906 0.025 0.0390625 0.67827
0 0.728906 0.850781 0.0359375 0.0578125 0.68073
0 0.569531 0.527344 0.0296875 0.0484375 0.68109
0 0.465625 0.726562 0.0375 0.059375 0.681243
0 0.860937 0.8375 0.034375 0.046875 0.682269
0 0.269531 0.579687 0.0265625 0.046875 0.682276
0 0.142969 0.208594 0.0234375 0.0359375 0.682479
0 0.890625 0.6625 0.03125 0.053125 0.684606
0 0.171875 0.375 0.025 0.0375 0.685017
0 0.970312 0.282813 0.025 0.040625 0.685967
0 0.164844 0.339063 0.0296875 0.05 0.68657
0 0.882812 0.33125 0.025 0.040625 0.68713
0 0.991406 0.14375 0.0171875 0.040625 0.687142
0 0.790625 0.341406 0.028125 0.0484375 0.687674
0 0.963281 0.428906 0.0265625 0.0421875 0.688161
0 0.129688 0.779688 0.025 0.046875 0.688666
0 0.11875 0.839063 0.028125 0.046875 0.689882
0 0.749219 0.792188 0.0296875 0.04375 0.69121
0 0.910156 0.453125 0.0296875 0.046875 0.69126
0 0.289844 0.124219 0.0265625 0.0390625 0.691635
0 0.770312 0.0789063 0.025 0.0359375 0.69361
0 0.970312 0.394531 0.021875 0.0390625 0.694253
0 0.0828125 0.194531 0.021875 0.0390625 0.694756
0 0.876562 0.267969 0.025 0.0390625 0.695259
0 0.414844 0.652344 0.0328125 0.0515625 0.695781
0 0.857031 0.646875 0.0265625 0.040625 0.695892
0 0.861719 0.48125 0.0265625 0.040625 0.697548
0 0.774219 0.185937 0.0296875 0.046875 0.697992
0 0.175781 0.863281 0.0328125 0.0484375 0.699418
0 0.978906 0.595312 0.0265625 0.046875 0.699918
0 0.650781 0.565625 0.0359375 0.059375 0.700204
0 0.155469 0.935938 0.0265625 0.040625 0.700502
0 0.667188 0.480469 0.03125 0.0421875 0.702044
0 0.857031 0.09375 0.0265625 0.046875 0.703116
0 0.244531 0.436719 0.0265625 0.0390625 0.703309
0 0.333594 0.877344 0.0328125 0.0515625 0.704634
0 0.553906 0.0921875 0.0234375 0.04375 0.704639
0 0.951563 0.560938 0.03125 0.053125 0.704757
0 0.371094 0.071875 0.0234375 0.0375 0.70591
0 0.640625 0.514844 0.028125 0.0484375 0.706154
0 0.589063 0.6375 0.034375 0.053125 0.707104
0 0.200781 0.739062 0.0296875 0.05 0.7077
0 0.289844 0.221094 0.0265625 0.0359375 0.708898
0 0.833594 0.204688 0.0265625 0.04375 0.709712
0 0.344531 0.528125 0.0265625 0.040625 0.710281
0 0.277344 0.85 0.0328125 0.059375 0.7107
0 0.495313 0.0328125 0.01875 0.034375 0.712053
0 0.339844 0.105469 0.0234375 0.0453125 0.712216
0 0.235156 0.796094 0.0265625 0.0421875 0.712478
0 0.01875 0.663281 0.025 0.0421875 0.713155
0 0.771875 0.01875 0.025 0.034375 0.713391
0 0.158594 0.475781 0.0328125 0.0484375 0.714725
0 0.784375 0.563281 0.028125 0.0421875 0.71687
0 0.0296875 0.888281 0.034375 0.0609375 0.716966
0 0.984375 0.248437 0.025 0.040625 0.716984
0 0.31875 0.294531 0.034375 0.0453125 0.717104
0 0.146094 0.146094 0.0203125 0.0359375 0.717191
0 0.592188 0.146875 0.021875 0.040625 0.717419
0 0.64375 0.15 0.025 0.04375 0.718105
0 0.0289063 0.107031 0.0234375 0.0421875 0.719262
0 0.717188 0.303906 0.034375 0.0546875 0.721554
0 0.754687 0.521094 0.028125 0.0484375 0.722887
0 0.717188 0.2 0.03125 0.04375 0.725993
0 0.390625 0.850781 0.034375 0.0515625 0.726085
0 0.239844 0.13125 0.0234375 0.040625 0.726283
0 0.751562 0.432031 0.03125 0.0453125 0.727054
0 0.732813 0.667188 0.028125 0.046875 0.727304
0 0.614062 0.265625 0.034375 0.05625 0.728285
0 0.750781 0.604688 0.0296875 0.05625 0.72854
0 0.961719 0.685938 0.0328125 0.05 0.729899
0 0.86875 0.746875 0.03125 0.046875 0.729923
0 0.529688 0.645312 0.028125 0.053125 0.730463
0 0.159375 0.411719 0.028125 0.0421875 0.730643
0 0.325781 0.570312 0.0296875 0.04375 0.730897
0 0.771875 0.258594 0.025 0.0421875 0.732111
0 0.667969 0.852344 0.0296875 0.0578125 0.732522
0 0.296875 0.773438 0.034375 0.04375 0.734569
0 0.555469 0.267188 0.0296875 0.05625 0.734697
0 0.264062 0.334375 0.03125 0.04375 0.735047
0 0.859375 0.422656 0.03125 0.0453125 0.738194
0 0.0828125 0.238281 0.028125 0.0390625 0.738792
0 0.892187 0.202344 0.025 0.0484375 0.739242
0 0.932813 0.200781 0.025 0.0421875 0.739357
0 0.244531 0.0539063 0.0234375 0.0421875 0.73986
0 0.827344 0.257031 0.0296875 0.0421875 0.740872
0 0.982813 0.090625 0.028125 0.04375 0.742845
0 0.0820312 0.88125 0.0296875 0.053125 0.74385
0 0.845312 0.308594 0.028125 0.0484375 0.744504
0 0.0820312 0.532812 0.0328125 0.04375 0.745866
0 0.571094 0.189844 0.0265625 0.0390625 0.746932
0 0.657812 0.269531 0.025 0.0421875 0.747473
0 0.0484375 0.153906 0.028125 0.0421875 0.748668
0 0.078125 0.578125 0.03125 0.05625 0.75011
0 0.15625 0.06875 0.025 0.04375 0.750295
0 0.724219 0.571875 0.0296875 0.04375 0.750958
0 0.121094 0.378125 0.0265625 0.040625 0.751134
0 0.170312 0.103125 0.021875 0.034375 0.751571
0 0.271094 0.275781 0.0265625 0.0484375 0.751795
0 0.0210938 0.582812 0.0265625 0.04375 0.754005
0 0.857031 0.607813 0.0265625 0.046875 0.754128
0 0.86875 0.503125 0.025 0.046875 0.754283
0 0.0671875 0.69375 0.025 0.04375 0.754296
0 0.983594 0.33125 0.0265625 0.046875 0.755684
0 0.838281 0.698438 0.0296875 0.05 0.75782
0 0.0703125 0.08125 0.021875 0.0375 0.757837
0 0.957031 0.791406 0.0296875 0.0546875 0.758962
0 0.707031 0.707031 0.0265625 0.0484375 0.759093
0 0.557031 0.0320312 0.0234375 0.0390625 0.761123
0 0.917969 0.646875 0.0234375 0.04375 0.761505
0 0.145313 0.71875 0.028125 0.05 0.761901
0 0.646875 0.0773437 0.028125 0.0484375 0.765259
0 0.392969 0.108594 0.0203125 0.0421875 0.765559
0 0.394531 0.496875 0.0296875 0.04375 0.766769
0 0.620313 0.201562 0.025 0.040625 0.767286
0 0.470313 0.651563 0.028125 0.05 0.768048
0 0.434375 0.0945313 0.028125 0.0390625 0.768323
0 0.970312 0.217187 0.025 0.040625 0.768871
0 0.795313 0.665625 0.028125 0.04375 0.770438
0 0.714844 0.495313 0.0296875 0.04375 0.770848
0 0.89375 0.577344 0.025 0.0453125 0.771253
0 0.0492188 0.471094 0.0265625 0.0484375 0.771423
0 0.842969 0.569531 0.0234375 0.0421875 0.771745
0 0.694531 0.532812 0.0296875 0.05 0.772123
0 0.195312 0.238281 0.021875 0.0390625 0.773184
0 0.8125 0.50625 0.03125 0.05 0.774906
0 0.130469 0.875 0.0328125 0.059375 0.775582
0 0.242188 0.36875 0.021875 0.04375 0.776056
0 0.345313 0.217187 0.028125 0.04375 0.778095
0 0.807813 0.605469 0.028125 0.0484375 0.779308
0 0.225781 0.182031 0.0296875 0.0421875 0.783314
0 0.645312 0.632031 0.028125 0.0484375 0.786953
0 0.596094 0.0929687 0.0234375 0.0421875 0.787171
0 0.91875 0.7625 0.028125 0.05625 0.791891
0 0.269531 0.0789063 0.0234375 0.0390625 0.792121
0 0.676562 0.109375 0.028125 0.04375 0.792728
0 0.132031 0.526563 0.0296875 0.053125 0.793628
0 0.182812 0.779688 0.028125 0.053125 0.794136
0 0.219531 0.275 0.0265625 0.04375 0.795556
0 0.695312 0.0703125 0.021875 0.040625 0.797812
0 0.696094 0.616406 0.0265625 0.0453125 0.799296
0 0.39375 0.575 0.028125 0.05625 0.806123
0 0.128906 0.576563 0.0265625 0.053125 0.806901
0 0.933594 0.317969 0.0296875 0.0453125 0.808472
