0 0.785937 0.553906 0.01875 0.0296875 0.406722
0 0.14375 0.571875 0.021875 0.0375 0.421057
0 0.08125 0.625 0.0375 0.05 0.450705
0 0.254687 0.567969 0.021875 0.0328125 0.463964
0 0.702344 0.575781 0.0296875 0.0515625 0.47523
0 0.389844 0.588281 0.0421875 0.0578125 0.480839
0 0.0210938 0.55 0.0265625 0.028125 0.483489
0 0.167187 0.6625 0.04375 0.078125 0.511311
0 0.932813 0.589844 0.0375 0.0484375 0.534207
0 0.539844 0.585938 0.0328125 0.053125 0.541284
0 0.339063 0.609375 0.034375 0.05625 0.543067
0 0.646875 0.579687 0.028125 0.046875 0.546084
0 0.60625 0.564844 0.021875 0.0328125 0.555938
0 0.779688 0.783594 0.090625 0.142188 0.557247
0 0.792188 0.603906 0.0375 0.0578125 0.57381
0 0.205469 0.573438 0.0234375 0.034375 0.57673
0 0.569531 0.607031 0.0453125 0.0703125 0.610781
0 0.759375 0.671875 0.0625 0.078125 0.613316
0 0.0671875 0.594531 0.028125 0.0484375 0.635871
0 0.7625 0.607813 0.03125 0.05625 0.643182
0 0.248437 0.623438 0.046875 0.06875 0.64493
0 0.601562 0.665625 0.053125 0.09375 0.657996
0 0.289844 0.577344 0.0328125 0.0546875 0.668611
0 0.176563 0.607031 0.034375 0.0515625 0.686426
0 0.50625 0.617969 0.034375 0.0578125 0.692851
0 0.45625 0.622656 0.05625 0.0828125 0.712915
0 0.328125 0.696094 0.071875 0.104687 0.728321
0 0.667969 0.61875 0.0296875 0.05625 0.72992
0 0.873438 0.644531 0.053125 0.0828125 0.730243
0 0.839844 0.615625 0.0359375 0.05625 0.763296
