0 0.965625 0.507031 0.01875 0.0640625 0.401924
0 0.920313 0.523438 0.03125 0.059375 0.403532
0 0.817969 0.953906 0.0296875 0.0421875 0.403653
0 0.799219 0.258594 0.0171875 0.0359375 0.403837
0 0.323438 0.86875 0.028125 0.05 0.405289
0 0.0242187 0.646094 0.0265625 0.0484375 0.413537
0 0.926562 0.607031 0.025 0.0484375 0.413611
0 0.29375 0.516406 0.021875 0.0359375 0.416346
0 0.339063 0.046875 0.025 0.04375 0.416551
0 0.11875 0.667969 0.025 0.0421875 0.416715
0 0.778906 0.01875 0.0234375 0.0375 0.421766
0 0.940625 0.163281 0.03125 0.0546875 0.426388
0 0.203125 0.54375 0.021875 0.04375 0.428424
0 0.460156 0.600781 0.0328125 0.0390625 0.434935
0 0.117969 0.852344 0.0296875 0.0515625 0.439371
0 0.0898438 0.385938 0.0203125 0.046875 0.441507
0 0.961719 0.608594 0.0234375 0.0421875 0.446106
0 0.857031 0.976562 0.0234375 0.040625 0.448255
0 0.972656 0.167969 0.0265625 0.0578125 0.448824
0 0.883594 0.0179687 0.0234375 0.0359375 0.45279
0 0.289844 0.490625 0.0171875 0.0375 0.460168
0 0.129688 0.670313 0.021875 0.04375 0.46093
0 0.299219 0.903125 0.0265625 0.040625 0.4652
0 0.355469 0.699219 0.0265625 0.0546875 0.465765
0 0.754687 0.232812 0.021875 0.0375 0.467379
0 0.292969 0.764844 0.0296875 0.0484375 0.470932
0 0.960156 0.528906 0.0203125 0.0359375 0.471088
0 0.0179687 0.9375 0.0234375 0.0375 0.474004
0 0.989844 0.410937 0.0203125 0.0375 0.474662
0 0.0226563 0.986719 0.0203125 0.0265625 0.476663
0 0.989062 0.983594 0.021875 0.0328125 0.477349
0 0.365625 0.689062 0.021875 0.05 0.480053
0 0.621875 0.25 0.01875 0.040625 0.480329
0 0.769531 0.298438 0.0234375 0.05 0.481327
0 0.317187 0.633594 0.021875 0.0390625 0.485058
0 0.142969 0.274219 0.0171875 0.0328125 0.488887
0 0.584375 0.497656 0.028125 0.0390625 0.502032
0 0.121094 0.288281 0.0265625 0.0421875 0.502438
0 0.460938 0.540625 0.021875 0.04375 0.503991
0 0.0304688 0.336719 0.0234375 0.0453125 0.506876
0 0.203125 0.903125 0.025 0.065625 0.510819
0 0.313281 0.179688 0.0203125 0.03125 0.512152
0 0.876562 0.0210938 0.021875 0.0328125 0.514064
0 0.303125 0.0328125 0.025 0.040625 0.523031
0 0.957031 0.015625 0.0203125 0.03125 0.525334
0 0.286719 0.171094 0.0203125 0.0390625 0.527882
0 0.595312 0.976562 0.021875 0.040625 0.529141
0 0.41875 0.880469 0.025 0.0453125 0.529262
0 0.065625 0.670313 0.021875 0.040625 0.531042
0 0.605469 0.950781 0.0234375 0.0421875 0.53202
0 0.845312 0.626562 0.021875 0.040625 0.533354
0 0.414844 0.0335938 0.0203125 0.0390625 0.538917
0 0.753906 0.866406 0.0203125 0.0390625 0.539714
0 0.607031 0.526563 0.0234375 0.053125 0.541885
0 0.347656 0.385156 0.0203125 0.0421875 0.542804
0 0.108594 0.359375 0.0234375 0.046875 0.543005
0 0.663281 0.275781 0.0203125 0.0390625 0.543193
0 0.458594 0.0273438 0.0171875 0.0328125 0.54643
0 0.48125 0.979688 0.025 0.040625 0.548594
0 0.214844 0.752344 0.0234375 0.0453125 0.555777
0 0.271875 0.183594 0.01875 0.0328125 0.557335
0 0.613281 0.0632813 0.0234375 0.0453125 0.558677
0 0.238281 0.0859375 0.0234375 0.046875 0.558823
0 0.296094 0.128906 0.0234375 0.0390625 0.559005
0 0.0578125 0.988281 0.021875 0.0234375 0.559042
0 0.499219 0.553906 0.0203125 0.0453125 0.55919
0 0.889844 0.4125 0.0234375 0.04375 0.565261
0 0.280469 0.958594 0.0234375 0.0453125 0.566081
0 0.944531 0.980469 0.0203125 0.0390625 0.567656
0 0.520312 0.03125 0.021875 0.040625 0.569353
0 0.853125 0.489844 0.021875 0.0484375 0.571984
0 0.657812 0.729688 0.028125 0.04375 0.574696
0 0.669531 0.0554687 0.0203125 0.0359375 0.575291
0 0.232031 0.01875 0.0203125 0.034375 0.577412
0 0.732813 0.0226563 0.021875 0.0390625 0.577436
0 0.0265625 0.0171875 0.025 0.034375 0.578819
0 0.617188 0.0226563 0.025 0.0453125 0.58
0 0.365625 0.819531 0.025 0.0453125 0.582405
0 0.709375 0.191406 0.021875 0.0453125 0.583515
0 0.830469 0.0453125 0.0203125 0.0375 0.583815
0 0.484375 0.8 0.028125 0.046875 0.584679
0 0.255469 0.332031 0.0234375 0.0421875 0.588236
0 0.582812 0.814844 0.025 0.0421875 0.590062
0 0.629687 0.517969 0.021875 0.0421875 0.590154
0 0.292969 0.930469 0.0265625 0.0453125 0.591425
0 0.44375 0.0132813 0.01875 0.0265625 0.592426
0 0.474219 0.596094 0.0234375 0.0359375 0.592917
0 0.185156 0.185156 0.0171875 0.0328125 0.594952
0 0.328906 0.859375 0.0234375 0.0375 0.595236
0 0.266406 0.103125 0.0171875 0.034375 0.595869
0 0.842969 0.592188 0.0234375 0.04375 0.598641
0 0.690625 0.464063 0.021875 0.04375 0.599655
0 0.849219 0.0296875 0.0265625 0.040625 0.600899
0 0.246094 0.614844 0.0203125 0.0390625 0.609089
0 0.121094 0.071875 0.0203125 0.03125 0.610053
0 0.383594 0.1875 0.0265625 0.040625 0.610995
0 0.8125 0.98125 0.025 0.0375 0.611098
0 0.567969 0.980469 0.0234375 0.0390625 0.614164
0 0.33125 0.773438 0.021875 0.046875 0.615415
0 0.821875 0.242969 0.021875 0.0421875 0.615598
0 0.971875 0.457812 0.021875 0.0375 0.617588
0 0.986719 0.560938 0.0203125 0.04375 0.617647
0 0.757812 0.717188 0.021875 0.0375 0.617936
0 0.107813 0.85625 0.028125 0.046875 0.618866
0 0.610937 0.415625 0.025 0.040625 0.61907
0 0.403125 0.914844 0.025 0.0515625 0.619229
0 0.334375 0.745313 0.021875 0.040625 0.619569
0 0.617969 0.366406 0.0203125 0.0390625 0.622158
0 0.639063 0.742969 0.028125 0.0453125 0.622337
0 0.980469 0.183594 0.0203125 0.0421875 0.623831
0 0.442969 0.396875 0.0265625 0.046875 0.624285
0 0.766406 0.284375 0.0203125 0.0375 0.624378
0 0.280469 0.247656 0.0203125 0.0421875 0.624828
0 0.00859375 0.232812 0.0171875 0.0375 0.626017
0 0.350781 0.0398437 0.0203125 0.0390625 0.626357
0 0.855469 0.929688 0.0203125 0.040625 0.629001
0 0.935938 0.7625 0.025 0.046875 0.629555
0 0.107031 0.171094 0.0203125 0.0390625 0.630083
0 0.36875 0.978125 0.025 0.04375 0.63094
0 0.482031 0.659375 0.0265625 0.046875 0.631028
0 0.338281 0.477344 0.0234375 0.0421875 0.631029
0 0.426562 0.102344 0.025 0.0453125 0.631129
0 0.346875 0.114063 0.025 0.04375 0.632046
0 0.803125 0.694531 0.021875 0.0390625 0.632223
0 0.0625 0.025 0.01875 0.04375 0.633051
0 0.0609375 0.928125 0.028125 0.046875 0.634641
0 0.628906 0.25 0.0265625 0.04375 0.636726
0 0.136719 0.5625 0.0234375 0.04375 0.637971
0 0.697656 0.0921875 0.0171875 0.0375 0.640619
0 0.802344 0.610937 0.0234375 0.046875 0.64075
0 0.149219 0.0257812 0.0234375 0.0359375 0.641017
0 0.495313 0.838281 0.021875 0.0390625 0.641811
0 0.169531 0.330469 0.0234375 0.0421875 0.642178
0 0.160938 0.210156 0.021875 0.0359375 0.643539
0 0.311719 0.475 0.0203125 0.040625 0.643668
0 0.5625 0.278906 0.025 0.0421875 0.643673
0 0.739844 0.303125 0.0203125 0.04375 0.644757
0 0.154687 0.716406 0.025 0.0453125 0.644803
0 0.767187 0.844531 0.025 0.0453125 0.645954
0 0.196094 0.2875 0.0234375 0.04375 0.646241
0 0.704687 0.0460938 0.021875 0.0359375 0.646707
0 0.915625 0.274219 0.01875 0.0421875 0.646714
0 0.869531 0.132031 0.0234375 0.0328125 0.64842
0 0.0421875 0.825781 0.025 0.0453125 0.648625
0 0.257031 0.982813 0.0265625 0.034375 0.649297
0 0.782812 0.385938 0.025 0.04375 0.64959
0 0.786719 0.691406 0.0265625 0.0453125 0.649706
0 0.974219 0.799219 0.0296875 0.0515625 0.65008
0 0.138281 0.98125 0.0265625 0.0375 0.650782
0 0.292969 0.576563 0.0265625 0.05 0.651411
0 0.664062 0.105469 0.025 0.0453125 0.654247
0 0.257812 0.213281 0.025 0.0390625 0.654858
0 0.357812 0.520312 0.021875 0.040625 0.655704
0 0.8125 0.5 0.028125 0.04375 0.65608
0 0.1125 0.399219 0.025 0.0453125 0.657621
0 0.375781 0.958594 0.0234375 0.0390625 0.658037
0 0.0570313 0.321094 0.0234375 0.0453125 0.660308
0 0.55 0.0164062 0.01875 0.0328125 0.660495
0 0.182812 0.508594 0.025 0.0421875 0.660614
0 0.372656 0.0578125 0.0203125 0.040625 0.661556
0 0.590625 0.134375 0.021875 0.0375 0.662793
0 0.452344 0.802344 0.0296875 0.0484375 0.662933
0 0.989062 0.474219 0.01875 0.0421875 0.66323
0 0.710156 0.5125 0.0265625 0.04375 0.664847
0 0.283594 0.075 0.0203125 0.040625 0.66546
0 0.305469 0.205469 0.0203125 0.0390625 0.666954
0 0.630469 0.885938 0.0296875 0.05 0.667214
0 0.407031 0.520312 0.0234375 0.04375 0.668109
0 0.438281 0.722656 0.0265625 0.0484375 0.668355
0 0.686719 0.397656 0.0265625 0.0390625 0.671331
0 0.524219 0.494531 0.0234375 0.0421875 0.672103
0 0.0898438 0.892969 0.0265625 0.0453125 0.672983
0 0.879687 0.600781 0.021875 0.0421875 0.6739
0 0.040625 0.966406 0.025 0.0421875 0.674475
0 0.869531 0.225781 0.0234375 0.0390625 0.675368
0 0.927344 0.348437 0.0265625 0.046875 0.675456
0 0.164844 0.369531 0.0203125 0.0390625 0.675766
0 0.240625 0.342969 0.021875 0.0390625 0.675941
0 0.028125 0.217969 0.021875 0.0421875 0.676242
0 0.571875 0.614062 0.025 0.046875 0.67628
0 0.482812 0.191406 0.021875 0.0390625 0.67669
0 0.536719 0.98125 0.0234375 0.0375 0.677901
0 0.346875 0.199219 0.021875 0.0390625 0.678253
0 0.392188 0.414844 0.025 0.0484375 0.679964
0 0.139844 0.225781 0.0203125 0.0421875 0.680948
0 0.271094 0.0320312 0.0203125 0.0390625 0.681484
0 0.1375 0.677344 0.028125 0.0484375 0.684158
0 0.951563 0.317969 0.025 0.0453125 0.6864
0 0.883594 0.175781 0.0234375 0.0421875 0.686402
0 0.113281 0.142969 0.0234375 0.0390625 0.688192
0 0.529688 0.540625 0.021875 0.04375 0.68834
0 0.844531 0.516406 0.0234375 0.0421875 0.688407
0 0.859375 0.617188 0.025 0.040625 0.689
0 0.377344 0.76875 0.0234375 0.04375 0.69018
0 0.408594 0.485156 0.0234375 0.0421875 0.69041
0 0.214844 0.50625 0.0234375 0.04375 0.691408
0 0.332812 0.391406 0.021875 0.0421875 0.691443
0 0.936719 0.596875 0.0203125 0.040625 0.692156
0 0.214844 0.113281 0.0234375 0.0453125 0.693751
0 0.345313 0.810156 0.025 0.0421875 0.69394
0 0.0640625 0.161719 0.01875 0.0421875 0.694094
0 0.970312 0.494531 0.021875 0.0390625 0.694495
0 0.963281 0.260938 0.0203125 0.0375 0.694651
0 0.06875 0.51875 0.025 0.040625 0.6948
0 0.834375 0.296875 0.021875 0.040625 0.695496
0 0.773438 0.171875 0.021875 0.04375 0.695661
0 0.319531 0.882031 0.0234375 0.0421875 0.697141
0 0.907031 0.774219 0.0265625 0.0453125 0.697352
0 0.853906 0.705469 0.0296875 0.0453125 0.69777
0 0.740625 0.188281 0.021875 0.0421875 0.697827
0 0.971094 0.420312 0.0203125 0.040625 0.698109
0 0.4 0.152344 0.025 0.0453125 0.698209
0 0.541406 0.945312 0.0265625 0.05 0.699754
0 0.272656 0.796875 0.0265625 0.046875 0.702059
0 0.449219 0.600781 0.0265625 0.0453125 0.702923
0 0.944531 0.389062 0.0203125 0.040625 0.703125
0 0.742188 0.634375 0.025 0.04375 0.703448
0 0.164844 0.150781 0.0234375 0.0453125 0.703964
0 0.270312 0.2875 0.021875 0.040625 0.704988
0 0.896094 0.0164062 0.0234375 0.0328125 0.705337
0 0.101562 0.0914062 0.01875 0.0390625 0.705398
0 0.239844 0.511719 0.0203125 0.0421875 0.705872
0 0.775781 0.49375 0.0265625 0.046875 0.706262
0 0.408594 0.0757812 0.0203125 0.0390625 0.706409
0 0.321094 0.235156 0.0203125 0.0421875 0.707464
0 0.708594 0.697656 0.0265625 0.0484375 0.707988
0 0.677344 0.789844 0.0265625 0.0484375 0.709068
0 0.674219 0.484375 0.0234375 0.04375 0.711453
0 0.628906 0.130469 0.0203125 0.0421875 0.71241
0 0.907812 0.449219 0.025 0.0390625 0.712596
0 0.146875 0.392188 0.021875 0.0375 0.713193
0 0.739062 0.0539063 0.021875 0.0453125 0.714383
0 0.795313 0.846094 0.021875 0.0421875 0.715625
0 0.655469 0.242969 0.0203125 0.0421875 0.715891
0 0.171094 0.0921875 0.0234375 0.04375 0.71596
0 0.450781 0.197656 0.0203125 0.0390625 0.716366
0 0.478906 0.0484375 0.0203125 0.040625 0.717152
0 0.830469 0.103906 0.0203125 0.0421875 0.717625
0 0.122656 0.101562 0.0234375 0.053125 0.718513
0 0.755469 0.36875 0.0234375 0.04375 0.719176
0 0.699219 0.803125 0.0203125 0.05 0.720785
0 0.0890625 0.711719 0.025 0.0484375 0.720909
0 0.324219 0.155469 0.0203125 0.0390625 0.721002
0 0.196094 0.777344 0.0234375 0.0421875 0.721003
0 0.782812 0.1 0.025 0.040625 0.722748
0 0.816406 0.06875 0.0203125 0.040625 0.723271
0 0.244531 0.792969 0.0265625 0.0484375 0.723413
0 0.225781 0.0507812 0.0203125 0.0390625 0.723471
0 0.803906 0.442969 0.0234375 0.0390625 0.726327
0 0.557813 0.6875 0.021875 0.04375 0.727752
0 0.475781 0.505469 0.0234375 0.0421875 0.729058
0 0.114063 0.20625 0.01875 0.04375 0.730038
0 0.249219 0.675781 0.0265625 0.0421875 0.730423
0 0.792969 0.0695312 0.0203125 0.0390625 0.730639
0 0.657031 0.501562 0.0234375 0.04375 0.730734
0 0.682031 0.210938 0.0234375 0.04375 0.732072
0 0.433594 0.557031 0.0234375 0.0390625 0.732337
0 0.0703125 0.129688 0.01875 0.034375 0.732443
0 0.399219 0.335938 0.0203125 0.040625 0.732811
0 0.515625 0.295312 0.025 0.046875 0.733682
0 0.919531 0.614844 0.0234375 0.0484375 0.735418
0 0.49375 0.242969 0.021875 0.0390625 0.736058
0 0.0953125 0.498437 0.028125 0.046875 0.73722
0 0.557813 0.0632813 0.025 0.0421875 0.737804
0 0.219531 0.457031 0.0265625 0.0421875 0.738188
0 0.167969 0.805469 0.0234375 0.0515625 0.738431
0 0.166406 0.246094 0.0203125 0.0421875 0.738999
0 0.01875 0.853906 0.025 0.0484375 0.739694
0 0.317969 0.433594 0.0234375 0.0421875 0.740737
0 0.0820312 0.191406 0.0234375 0.0421875 0.740934
0 0.238281 0.248437 0.0203125 0.0375 0.741299
0 0.727344 0.782031 0.0328125 0.0546875 0.741334
0 0.940625 0.266406 0.01875 0.0421875 0.741607
0 0.222656 0.213281 0.0234375 0.0359375 0.742209
0 0.160156 0.54375 0.0265625 0.05 0.742291
0 0.107813 0.0328125 0.025 0.040625 0.743271
0 0.776563 0.310937 0.021875 0.04375 0.744518
0 0.557813 0.233594 0.021875 0.0421875 0.744873
0 0.539062 0.632031 0.025 0.0484375 0.74527
0 0.509375 0.14375 0.025 0.040625 0.746284
0 0.0671875 0.416406 0.025 0.0453125 0.746352
0 0.555469 0.403125 0.0265625 0.046875 0.747328
0 0.389844 0.377344 0.0203125 0.0453125 0.747749
0 0.258594 0.40625 0.0234375 0.040625 0.747884
0 0.457812 0.980469 0.028125 0.0390625 0.747931
0 0.433594 0.25 0.0265625 0.04375 0.748943
0 0.908594 0.665625 0.0234375 0.040625 0.749714
0 0.579687 0.336719 0.025 0.0484375 0.74992
0 0.219531 0.714844 0.0265625 0.0484375 0.749992
0 0.717969 0.871875 0.0296875 0.04375 0.750422
0 0.378125 0.528125 0.025 0.046875 0.750459
0 0.957031 0.689844 0.0265625 0.0453125 0.751799
0 0.467969 0.457031 0.0234375 0.0421875 0.752391
0 0.0328125 0.0648438 0.025 0.0421875 0.752914
0 0.748438 0.508594 0.01875 0.0453125 0.752938
0 0.2 0.925781 0.025 0.0453125 0.754631
0 0.432813 0.432031 0.021875 0.0390625 0.754725
0 0.325781 0.0578125 0.0171875 0.0375 0.755354
0 0.830469 0.809375 0.0234375 0.046875 0.757313
0 0.455469 0.114063 0.0265625 0.04375 0.758709
0 0.715625 0.301562 0.028125 0.046875 0.759643
0 0.572656 0.440625 0.0265625 0.04375 0.759816
0 0.926562 0.046875 0.021875 0.04375 0.760364
0 0.582031 0.5625 0.0265625 0.040625 0.760575
0 0.191406 0.103906 0.0203125 0.0390625 0.764253
0 0.6625 0.552344 0.025 0.0515625 0.765077
0 0.578125 0.16875 0.021875 0.040625 0.766552
0 0.0453125 0.439063 0.025 0.040625 0.768493
0 0.96875 0.151562 0.025 0.04375 0.76888
0 0.700781 0.557813 0.0234375 0.040625 0.771499
0 0.720312 0.667188 0.025 0.040625 0.773582
0 0.86875 0.332812 0.021875 0.040625 0.773738
0 0.542969 0.726562 0.0265625 0.046875 0.775429
0 0.928125 0.438281 0.021875 0.0421875 0.776031
0 0.228125 0.845312 0.025 0.046875 0.776242
0 0.330469 0.55 0.0265625 0.046875 0.777324
0 0.51875 0.758594 0.025 0.0484375 0.77794
0 0.439844 0.64375 0.0234375 0.04375 0.778442
0 0.977344 0.636719 0.0265625 0.0453125 0.778879
0 0.932813 0.1 0.025 0.040625 0.779345
0 0.392188 0.626562 0.025 0.05 0.779578
0 0.642969 0.39375 0.0265625 0.053125 0.780696
0 0.907031 0.5125 0.0265625 0.04375 0.782272
0 0.207813 0.889063 0.025 0.04375 0.782661
0 0.370313 0.429688 0.021875 0.040625 0.786726
0 0.282813 0.642969 0.025 0.0421875 0.787272
0 0.870313 0.0695312 0.021875 0.0421875 0.790904
0 0.516406 0.665625 0.0265625 0.05 0.792499
0 0.741406 0.544531 0.0265625 0.0515625 0.793508
0 0.928906 0.526563 0.0234375 0.046875 0.795854
0 0.821094 0.671094 0.0234375 0.0484375 0.796495
0 0.445312 0.153906 0.025 0.0421875 0.796763
0 0.390625 0.232812 0.021875 0.046875 0.798982
0 0.871875 0.553906 0.025 0.0421875 0.803947
0 0.219531 0.317187 0.0265625 0.04375 0.808798
0 0.49375 0.450781 0.025 0.0421875 0.810443
0 0.48125 0.279687 0.025 0.04375 0.813062
0 0.269531 0.458594 0.0265625 0.0453125 0.815753
0 0.752344 0.421094 0.0234375 0.0453125 0.821994
0 0.339844 0.620313 0.0234375 0.046875 0.834766
