0 0.371875 0.0429688 0.0375 0.0546875 0.411329
0 0.444531 0.397656 0.0515625 0.0703125 0.413327
0 0.376563 0.296094 0.03125 0.0515625 0.413961
0 0.599219 0.203125 0.0328125 0.05 0.414139
0 0.053125 0.325781 0.040625 0.0609375 0.417043
0 0.321094 0.0203125 0.0296875 0.040625 0.418564
0 0.127344 0.034375 0.0296875 0.05 0.420565
0 0.591406 0.0265625 0.0328125 0.053125 0.430582
0 0.132031 0.924219 0.0859375 0.114063 0.431924
0 0.04375 0.0125 0.01875 0.025 0.436002
0 0.196094 0.0125 0.0203125 0.025 0.445793
0 0.669531 0.0179687 0.0265625 0.0359375 0.453181
0 0.698438 0.914844 0.090625 0.145313 0.454962
0 0.930469 0.278125 0.0296875 0.053125 0.455224
0 0.96875 0.507031 0.0625 0.0828125 0.459331
0 0.953125 0.223438 0.034375 0.053125 0.464248
0 0.335156 0.378906 0.0390625 0.0671875 0.476999
0 0.415625 0.192969 0.034375 0.0578125 0.480479
0 0.133594 0.292969 0.0328125 0.0546875 0.485724
0 0.696094 0.0382813 0.0265625 0.0484375 0.486513
0 0.717188 0.121875 0.03125 0.046875 0.495079
0 0.355469 0.157031 0.0328125 0.0453125 0.496439
0 0.924219 0.0773437 0.0359375 0.0578125 0.499531
0 0.426562 0.395312 0.059375 0.084375 0.499946
0 0.613281 0.424219 0.0328125 0.0578125 0.503188
0 0.204688 0.616406 0.0375 0.0671875 0.513325
0 0.496875 0.1625 0.025 0.046875 0.515145
0 0.589063 0.374219 0.046875 0.0640625 0.516899
0 0.157031 0.139062 0.0265625 0.05 0.525777
0 0.958594 0.132812 0.0296875 0.059375 0.534163
0 0.053125 0.0421875 0.021875 0.04375 0.535599
0 0.199219 0.873438 0.0796875 0.096875 0.537928
0 0.289844 0.920313 0.0734375 0.109375 0.545215
0 0.365625 0.839063 0.046875 0.078125 0.556812
0 0.883594 0.103906 0.0390625 0.0578125 0.557737
0 0.303906 0.329688 0.0328125 0.0625 0.560859
0 0.105469 0.2375 0.0328125 0.059375 0.566636
0 0.41875 0.750781 0.05625 0.0984375 0.566696
0 0.641406 0.0210938 0.0265625 0.0421875 0.575647
0 0.225781 0.0195312 0.0265625 0.0265625 0.579126
0 0.289844 0.0710938 0.0296875 0.0453125 0.583793
0 0.753906 0.021875 0.0265625 0.04375 0.587975
0 0.985937 0.117969 0.028125 0.0484375 0.58826
0 0.754687 0.0820312 0.028125 0.0421875 0.592514
0 0.0898438 0.127344 0.0296875 0.0453125 0.59401
0 0.660937 0.680469 0.04375 0.0703125 0.59699
0 0.266406 0.322656 0.0359375 0.0609375 0.606212
0 0.015625 0.114063 0.028125 0.04375 0.608333
0 0.984375 0.021875 0.028125 0.04375 0.61643
0 0.933594 0.0976562 0.0296875 0.0515625 0.618175
0 0.11875 0.136719 0.034375 0.0515625 0.61973
0 0.0226563 0.417188 0.0453125 0.078125 0.634413
0 0.40625 0.0632813 0.025 0.0421875 0.639196
0 0.260156 0.6625 0.0484375 0.065625 0.641938
0 0.76875 0.467187 0.06875 0.096875 0.643296
0 0.563281 0.311719 0.0453125 0.0703125 0.643574
0 0.257031 0.894531 0.0703125 0.101562 0.649251
0 0.777344 0.145313 0.0296875 0.059375 0.657225
0 0.882031 0.0398437 0.0234375 0.0390625 0.658372
0 0.839844 0.385938 0.0328125 0.05625 0.660053
0 0.479688 0.025 0.025 0.046875 0.66945
0 0.326562 0.286719 0.034375 0.0609375 0.672601
0 0.419531 0.265625 0.0421875 0.075 0.682786
0 0.346094 0.635938 0.0390625 0.08125 0.70856
0 0.315625 0.127344 0.03125 0.0578125 0.709566
0 0.367188 0.0890625 0.028125 0.04375 0.715876
0 0.449219 0.186719 0.0359375 0.0609375 0.717117
0 0.214062 0.346094 0.040625 0.0671875 0.723371
0 0.18125 0.186719 0.034375 0.0546875 0.723496
0 0.947656 0.401563 0.0484375 0.075 0.727167
0 0.755469 0.245312 0.0390625 0.075 0.735854
0 0.113281 0.364844 0.0453125 0.0828125 0.736614
0 0.382812 0.207031 0.034375 0.0609375 0.743691
0 0.761719 0.321094 0.0609375 0.0703125 0.771448
0 0.705469 0.205469 0.0390625 0.0671875 0.776476
0 0.535156 0.208594 0.0359375 0.0453125 0.780334
0 0.21875 0.136719 0.0375 0.0640625 0.780374
0 0.827344 0.0898438 0.0390625 0.0703125 0.79797
