0 0.457031 0.274219 0.0234375 0.0421875 0.401312
0 0.707812 0.874219 0.028125 0.0515625 0.401357
0 0.0984375 0.444531 0.025 0.0359375 0.401807
0 0.407813 0.491406 0.025 0.0390625 0.402286
0 0.394531 0.490625 0.0203125 0.040625 0.403595
0 0.461719 0.0945313 0.0234375 0.0453125 0.404376
0 0.180469 0.395312 0.0234375 0.040625 0.408576
0 0.510156 0.950781 0.0296875 0.0421875 0.408595
0 0.694531 0.627344 0.0234375 0.0359375 0.412655
0 0.330469 0.640625 0.0265625 0.04375 0.415645
0 0.573438 0.782812 0.028125 0.04375 0.415889
0 0.0460938 0.500781 0.0234375 0.0421875 0.417406
0 0.264062 0.23125 0.021875 0.040625 0.419829
0 0.477344 0.564844 0.0265625 0.0421875 0.420055
0 0.891406 0.839844 0.0296875 0.0484375 0.425676
0 0.0625 0.441406 0.025 0.0640625 0.433182
0 0.664062 0.702344 0.028125 0.0421875 0.435227
0 0.0203125 0.763281 0.025 0.0484375 0.435261
0 0.03125 0.442187 0.025 0.0375 0.435452
0 0.155469 0.984375 0.0265625 0.03125 0.436027
0 0.432031 0.202344 0.0234375 0.0359375 0.436692
0 0.152344 0.820312 0.0234375 0.04375 0.437715
0 0.286719 0.3625 0.0203125 0.04375 0.437966
0 0.517187 0.647656 0.046875 0.0640625 0.438256
0 0.389062 0.844531 0.025 0.0421875 0.444935
0 0.35 0.021875 0.01875 0.040625 0.446159
0 0.254687 0.06875 0.01875 0.0375 0.449082
0 0.08125 0.18125 0.025 0.040625 0.454007
0 0.146094 0.936719 0.0296875 0.0484375 0.455251
0 0.0445312 0.8625 0.0265625 0.046875 0.455912
0 0.559375 0.852344 0.028125 0.0515625 0.45795
0 0.15625 0.251563 0.021875 0.034375 0.459205
0 0.395312 0.221875 0.028125 0.040625 0.459732
0 0.320312 0.867188 0.021875 0.040625 0.460228
0 0.429688 0.346094 0.021875 0.0359375 0.466257
0 0.483594 0.271094 0.0234375 0.0390625 0.466292
0 0.70625 0.589844 0.025 0.0421875 0.472993
0 0.0421875 0.173438 0.028125 0.05 0.473187
0 0.785937 0.967188 0.03125 0.0625 0.473649
0 0.394531 0.535937 0.0265625 0.040625 0.475068
0 0.0476562 0.833594 0.0265625 0.0359375 0.475751
0 0.277344 0.292188 0.0203125 0.034375 0.47586
0 0.915625 0.796094 0.028125 0.0453125 0.476041
0 0.727344 0.739062 0.0296875 0.040625 0.47615
0 0.307813 0.0671875 0.025 0.04375 0.477542
0 0.19375 0.1375 0.025 0.040625 0.478263
0 0.214062 0.104687 0.01875 0.0375 0.478597
0 0.714844 0.902344 0.0296875 0.0515625 0.479265
0 0.169531 0.015625 0.0171875 0.03125 0.48174
0 0.302344 0.81875 0.0265625 0.046875 0.48247
0 0.0179687 0.328906 0.0234375 0.0421875 0.482954
0 0.00625 0.136719 0.0125 0.0390625 0.483176
0 0.23125 0.51875 0.025 0.046875 0.484429
0 0.08125 0.0265625 0.021875 0.0375 0.484667
0 0.217969 0.914062 0.0296875 0.04375 0.486865
0 0.45 0.579687 0.028125 0.046875 0.48941
0 0.414062 0.176563 0.01875 0.04375 0.489868
0 0.330469 0.215625 0.0265625 0.04375 0.490905
0 0.239844 0.967969 0.0265625 0.0578125 0.497205
0 0.071875 0.4 0.025 0.0375 0.49732
0 0.0179687 0.475 0.0265625 0.05 0.497491
0 0.746094 0.879687 0.0296875 0.053125 0.497832
0 0.311719 0.945312 0.0234375 0.040625 0.498258
0 0.305469 0.732031 0.0265625 0.0453125 0.506917
0 0.839063 0.978125 0.034375 0.04375 0.509419
0 0.14375 0.328125 0.025 0.04375 0.50953
0 0.210938 0.663281 0.03125 0.0421875 0.509579
0 0.417969 0.525 0.0234375 0.0375 0.511302
0 0.183594 0.454688 0.0265625 0.040625 0.513167
0 0.392188 0.578125 0.025 0.04375 0.513766
0 0.0734375 0.685156 0.028125 0.0515625 0.513794
0 0.415625 0.691406 0.025 0.0421875 0.515231
0 0.302344 0.0773437 0.0203125 0.0484375 0.515315
0 0.120312 0.015625 0.028125 0.03125 0.516475
0 0.347656 0.665625 0.0265625 0.040625 0.516714
0 0.327344 0.4125 0.0265625 0.0375 0.519058
0 0.429688 0.629687 0.025 0.04375 0.520608
0 0.380469 0.404687 0.0234375 0.040625 0.521069
0 0.0109375 0.686719 0.021875 0.0484375 0.52211
0 0.763281 0.760156 0.0265625 0.0421875 0.52384
0 0.0726563 0.289062 0.0203125 0.034375 0.524498
0 0.244531 0.416406 0.0265625 0.0421875 0.524564
0 0.10625 0.33125 0.025 0.040625 0.524673
0 0.660156 0.734375 0.0265625 0.046875 0.525841
0 0.384375 0.223438 0.025 0.04375 0.526111
0 0.942969 0.739844 0.0234375 0.0390625 0.527729
0 0.717188 0.697656 0.025 0.0453125 0.533015
0 0.657812 0.976562 0.0375 0.046875 0.533598
0 0.230469 0.415625 0.0265625 0.046875 0.53392
0 0.454688 0.140625 0.028125 0.040625 0.536357
0 0.0382813 0.272656 0.0265625 0.0390625 0.536568
0 0.130469 0.363281 0.0234375 0.0453125 0.536903
0 0.551562 0.942969 0.028125 0.0453125 0.537819
0 0.116406 0.404687 0.0265625 0.04375 0.53822
0 0.0265625 0.0335938 0.021875 0.0453125 0.539054
0 0.0179687 0.200781 0.0234375 0.0453125 0.540272
0 0.452344 0.289844 0.0265625 0.0484375 0.540894
0 0.426562 0.583594 0.025 0.0453125 0.543123
0 0.346875 0.835938 0.025 0.04375 0.543263
0 0.810156 0.932813 0.0265625 0.05 0.543285
0 0.197656 0.754687 0.0265625 0.0375 0.543352
0 0.9875 0.613281 0.021875 0.0421875 0.543886
0 0.507031 0.2875 0.0265625 0.04375 0.544379
0 0.157031 0.0390625 0.0234375 0.040625 0.544722
0 0.0820312 0.0570313 0.0234375 0.0390625 0.544827
0 0.122656 0.711719 0.0265625 0.0453125 0.545966
0 0.313281 0.0609375 0.0203125 0.0375 0.546281
0 0.408594 0.727344 0.0296875 0.0421875 0.549261
0 0.371094 0.189063 0.0171875 0.034375 0.55607
0 0.0382813 0.205469 0.0203125 0.0453125 0.556638
0 0.435156 0.850781 0.0265625 0.0453125 0.557711
0 0.028125 0.354688 0.025 0.04375 0.560869
0 0.971875 0.664062 0.028125 0.046875 0.561472
0 0.945312 0.622656 0.025 0.0390625 0.562397
0 0.676562 0.586719 0.03125 0.0484375 0.56443
0 0.713281 0.7375 0.0234375 0.04375 0.566952
0 0.26875 0.577344 0.028125 0.0453125 0.567386
0 0.239844 0.441406 0.0234375 0.0421875 0.567549
0 0.114063 0.214062 0.021875 0.04375 0.568052
0 0.189844 0.707812 0.0234375 0.053125 0.56847
0 0.0125 0.577344 0.025 0.0453125 0.569188
0 0.591406 0.585156 0.0265625 0.0453125 0.57299
0 0.397656 0.809375 0.0328125 0.04375 0.574938
0 0.853906 0.891406 0.0296875 0.0546875 0.575132
0 0.75625 0.603906 0.028125 0.0453125 0.575957
0 0.333594 0.547656 0.0265625 0.0515625 0.577236
0 0.236719 0.234375 0.0265625 0.04375 0.577933
0 0.288281 0.0265625 0.0171875 0.0375 0.579877
0 0.409375 0.396875 0.021875 0.03125 0.580152
0 0.269531 0.747656 0.0234375 0.0421875 0.581656
0 0.30625 0.675 0.025 0.04375 0.582465
0 0.457812 0.503906 0.025 0.0421875 0.583185
0 0.36875 0.764063 0.028125 0.046875 0.583273
0 0.760156 0.8375 0.0265625 0.04375 0.586852
0 0.120312 0.120312 0.021875 0.03125 0.586932
0 0.342187 0.446875 0.021875 0.040625 0.587595
0 0.832031 0.897656 0.0265625 0.0421875 0.588882
0 0.870313 0.860156 0.03125 0.0515625 0.589413
0 0.0117188 0.417969 0.0234375 0.0453125 0.589744
0 0.483594 0.176563 0.0296875 0.046875 0.589799
0 0.400781 0.0867188 0.0265625 0.0484375 0.591694
0 0.36875 0.315625 0.025 0.04375 0.591788
0 0.753125 0.640625 0.021875 0.04375 0.592215
0 0.06875 0.421094 0.028125 0.0484375 0.593322
0 0.202344 0.38125 0.0265625 0.053125 0.594151
0 0.801562 0.798437 0.03125 0.05625 0.594545
0 0.749219 0.940625 0.0296875 0.05 0.599612
0 0.921094 0.64375 0.0296875 0.04375 0.600563
0 0.939062 0.88125 0.028125 0.059375 0.600904
0 0.259375 0.152344 0.021875 0.0390625 0.602537
0 0.240625 0.373437 0.025 0.05625 0.603403
0 0.826563 0.850781 0.03125 0.0484375 0.603684
0 0.617969 0.699219 0.0265625 0.0453125 0.603917
0 0.357031 0.215625 0.0234375 0.040625 0.604619
0 0.709375 0.815625 0.028125 0.05 0.605543
0 0.200781 0.034375 0.0234375 0.04375 0.605737
0 0.315625 0.313281 0.028125 0.0515625 0.605805
0 0.585938 0.746875 0.025 0.05 0.607324
0 0.503906 0.204688 0.0234375 0.040625 0.607533
0 0.289844 0.778125 0.0234375 0.04375 0.607853
0 0.0929687 0.266406 0.0234375 0.0390625 0.607867
0 0.851562 0.799219 0.03125 0.0484375 0.609826
0 0.502344 0.646094 0.0296875 0.0546875 0.609966
0 0.13125 0.4625 0.025 0.040625 0.610327
0 0.430469 0.926562 0.0296875 0.046875 0.612023
0 0.935156 0.966406 0.0296875 0.0578125 0.612761
0 0.4875 0.390625 0.025 0.04375 0.612891
0 0.075 0.31875 0.025 0.040625 0.614051
0 0.366406 0.732031 0.0234375 0.0421875 0.614651
0 0.240625 0.130469 0.025 0.0390625 0.614656
0 0.439063 0.152344 0.021875 0.0359375 0.614766
0 0.371094 0.85 0.0234375 0.04375 0.615449
0 0.0445312 0.310937 0.0203125 0.040625 0.615581
0 0.196094 0.535937 0.0265625 0.046875 0.616342
0 0.253906 0.322656 0.0296875 0.0484375 0.616553
0 0.271094 0.0804688 0.0203125 0.0390625 0.616858
0 0.632031 0.653125 0.0296875 0.053125 0.618497
0 0.0304688 0.725 0.0265625 0.053125 0.619021
0 0.184375 0.488281 0.025 0.0390625 0.619291
0 0.053125 0.807031 0.025 0.0453125 0.619427
0 0.289844 0.414062 0.0296875 0.046875 0.620139
0 0.502344 0.335156 0.0265625 0.0421875 0.620251
0 0.0296875 0.616406 0.03125 0.0453125 0.620694
0 0.477344 0.0640625 0.0296875 0.053125 0.62077
0 0.807031 0.629687 0.0265625 0.046875 0.620938
0 0.342969 0.878125 0.0265625 0.04375 0.621169
0 0.332812 0.771875 0.028125 0.053125 0.621183
0 0.553906 0.747656 0.0296875 0.0515625 0.622075
0 0.586719 0.911719 0.0265625 0.0546875 0.62268
0 0.56875 0.65 0.028125 0.046875 0.623448
0 0.0179687 0.978906 0.0265625 0.0390625 0.623699
0 0.367188 0.483594 0.025 0.0421875 0.62384
0 0.970312 0.857031 0.034375 0.0546875 0.62497
0 0.0875 0.907812 0.028125 0.04375 0.625967
0 0.66875 0.851562 0.025 0.046875 0.627269
0 0.285937 0.175 0.021875 0.040625 0.627446
0 0.605469 0.882812 0.0328125 0.05625 0.627747
0 0.307031 0.228125 0.0265625 0.04375 0.62861
0 0.141406 0.269531 0.0203125 0.0453125 0.628811
0 0.167969 0.738281 0.0296875 0.0484375 0.630926
0 0.400781 0.35 0.0234375 0.040625 0.630951
0 0.626562 0.742969 0.028125 0.0515625 0.631697
0 0.783594 0.882031 0.0265625 0.0546875 0.632448
0 0.260156 0.544531 0.0265625 0.0390625 0.632627
0 0.499219 0.85 0.0296875 0.05 0.634282
0 0.492188 0.488281 0.028125 0.0484375 0.634594
0 0.592969 0.96875 0.0265625 0.046875 0.634919
0 0.558594 0.875781 0.0265625 0.0421875 0.635169
0 0.278125 0.715625 0.021875 0.04375 0.635434
0 0.159375 0.214062 0.021875 0.0375 0.635577
0 0.796875 0.667188 0.025 0.040625 0.636569
0 0.232031 0.166406 0.0234375 0.0421875 0.636614
0 0.714844 0.976562 0.0296875 0.046875 0.638181
0 0.1875 0.841406 0.028125 0.0421875 0.63837
0 0.3 0.127344 0.025 0.0453125 0.641296
0 0.151562 0.402344 0.025 0.0515625 0.642124
0 0.520312 0.396094 0.021875 0.0359375 0.643165
0 0.200781 0.216406 0.0234375 0.0328125 0.643175
0 0.689844 0.754687 0.0234375 0.05 0.645177
0 0.0898438 0.800781 0.0265625 0.0515625 0.645643
0 0.175781 0.589844 0.0265625 0.0453125 0.645664
0 0.78125 0.610937 0.025 0.04375 0.648223
0 0.336719 0.332812 0.0265625 0.04375 0.648962
0 0.727344 0.646875 0.0234375 0.046875 0.649081
0 0.222656 0.261719 0.0265625 0.0484375 0.650533
0 0.366406 0.664062 0.0234375 0.04375 0.650663
0 0.154687 0.44375 0.021875 0.040625 0.650864
0 0.35 0.0734375 0.025 0.05 0.650922
0 0.451562 0.961719 0.025 0.0515625 0.651032
0 0.219531 0.494531 0.0265625 0.0453125 0.651198
0 0.371094 0.599219 0.0265625 0.0421875 0.651994
0 0.0828125 0.133594 0.021875 0.0390625 0.652509
0 0.2 0.789062 0.028125 0.05 0.6537
0 0.590625 0.714063 0.028125 0.046875 0.654534
0 0.242969 0.75625 0.0234375 0.040625 0.654541
0 0.325781 0.974219 0.0265625 0.0515625 0.654586
0 0.0625 0.666406 0.028125 0.0484375 0.656049
0 0.290625 0.325781 0.028125 0.0484375 0.656716
0 0.113281 0.0515625 0.0265625 0.053125 0.657132
0 0.167969 0.554688 0.0265625 0.046875 0.657425
0 0.183594 0.805469 0.0265625 0.0421875 0.657947
0 0.300781 0.542969 0.0234375 0.0390625 0.659151
0 0.0898438 0.144531 0.0265625 0.0453125 0.659227
0 0.455469 0.860937 0.0296875 0.05 0.660149
0 0.0523437 0.0992187 0.0296875 0.0515625 0.660886
0 0.459375 0.674219 0.028125 0.0453125 0.661109
0 0.357812 0.921875 0.028125 0.053125 0.661703
0 0.0507812 0.539844 0.0265625 0.0453125 0.661988
0 0.13125 0.977344 0.028125 0.0453125 0.663567
0 0.3125 0.176563 0.025 0.040625 0.664105
0 0.521875 0.892969 0.028125 0.0484375 0.664162
0 0.886719 0.619531 0.0234375 0.0390625 0.664201
0 0.532812 0.638281 0.03125 0.0453125 0.664721
0 0.184375 0.161719 0.028125 0.0421875 0.665227
0 0.250781 0.83125 0.0234375 0.046875 0.665371
0 0.828906 0.642969 0.0234375 0.0453125 0.666352
0 0.157813 0.502344 0.025 0.0453125 0.666524
0 0.669531 0.614844 0.0234375 0.0421875 0.666865
0 0.107813 0.525781 0.025 0.0453125 0.667434
0 0.549219 0.580469 0.0296875 0.0484375 0.667819
0 0.272656 0.482812 0.0234375 0.04375 0.67202
0 0.0203125 0.235938 0.021875 0.040625 0.672489
0 0.380469 0.271875 0.0234375 0.04375 0.673611
0 0.654688 0.890625 0.028125 0.05 0.674163
0 0.216406 0.315625 0.0265625 0.05 0.674233
0 0.485938 0.714063 0.03125 0.05 0.674796
0 0.509375 0.982813 0.028125 0.034375 0.675207
0 0.428125 0.4375 0.03125 0.053125 0.675233
0 0.810156 0.710938 0.0265625 0.046875 0.675907
0 0.365625 0.547656 0.021875 0.0453125 0.676029
0 0.309375 0.586719 0.028125 0.0484375 0.676422
0 0.464844 0.213281 0.0234375 0.0421875 0.67701
0 0.479688 0.927344 0.028125 0.0546875 0.677192
0 0.31875 0.0960938 0.021875 0.0390625 0.677438
0 0.455469 0.629687 0.0265625 0.05 0.677675
0 0.125781 0.507812 0.0234375 0.040625 0.678097
0 0.607813 0.646094 0.028125 0.0484375 0.679434
0 0.7625 0.6875 0.03125 0.046875 0.679475
0 0.408594 0.096875 0.0234375 0.040625 0.679609
0 0.254687 0.707812 0.028125 0.05 0.68041
0 0.238281 0.916406 0.0296875 0.0515625 0.681158
0 0.0570313 0.457031 0.0265625 0.0453125 0.68292
0 0.372656 0.123438 0.0296875 0.046875 0.683507
0 0.1875 0.251563 0.025 0.040625 0.68362
0 0.0835937 0.560938 0.0265625 0.04375 0.683661
0 0.242969 0.497656 0.0234375 0.0421875 0.684012
0 0.216406 0.864844 0.0265625 0.0515625 0.684314
0 0.444531 0.746875 0.0234375 0.04375 0.684637
0 0.859375 0.646875 0.028125 0.04375 0.687596
0 0.015625 0.65625 0.028125 0.05 0.689871
0 0.294531 0.511719 0.0265625 0.0453125 0.690099
0 0.295312 0.469531 0.021875 0.0390625 0.690631
0 0.322656 0.478125 0.0265625 0.046875 0.690996
0 0.294531 0.882031 0.0265625 0.0453125 0.691047
0 0.359375 0.249219 0.025 0.0390625 0.691248
0 0.120312 0.253906 0.021875 0.0390625 0.692053
0 0.84375 0.736719 0.028125 0.0453125 0.692546
0 0.624219 0.94375 0.0265625 0.053125 0.692732
0 0.417188 0.31875 0.021875 0.0375 0.693049
0 0.0875 0.4875 0.028125 0.04375 0.693072
0 0.535156 0.702344 0.0296875 0.0421875 0.694296
0 0.420312 0.0546875 0.028125 0.05 0.694305
0 0.380469 0.694531 0.0234375 0.0421875 0.694871
0 0.242969 0.7875 0.0234375 0.04375 0.695409
0 0.260156 0.6375 0.0328125 0.059375 0.695757
0 0.439063 0.801562 0.028125 0.05 0.696145
0 0.0375 0.396094 0.025 0.0484375 0.699527
0 0.467969 0.422656 0.0265625 0.0484375 0.699893
0 0.357812 0.360156 0.025 0.0453125 0.700775
0 0.336719 0.705469 0.0296875 0.0546875 0.703536
0 0.404687 0.761719 0.025 0.0515625 0.705377
0 0.0140625 0.51875 0.021875 0.040625 0.707406
0 0.0976562 0.638281 0.0328125 0.0515625 0.708858
0 0.157813 0.289844 0.021875 0.0359375 0.709929
0 0.1625 0.89375 0.028125 0.046875 0.710279
0 0.03125 0.939062 0.03125 0.053125 0.710582
0 0.113281 0.842188 0.0265625 0.05625 0.711047
0 0.242969 0.600781 0.0296875 0.0515625 0.711497
0 0.157031 0.614844 0.0265625 0.0484375 0.712555
0 0.759375 0.794531 0.025 0.0453125 0.714902
0 0.423438 0.6625 0.025 0.046875 0.715837
0 0.135937 0.764063 0.034375 0.05625 0.71613
0 0.892187 0.945312 0.034375 0.053125 0.717621
0 0.254687 0.878125 0.025 0.046875 0.718878
0 0.392969 0.441406 0.0265625 0.0453125 0.719423
0 0.213281 0.695312 0.0234375 0.04375 0.720592
0 0.332812 0.121094 0.021875 0.0421875 0.720729
0 0.146875 0.685938 0.028125 0.046875 0.720812
0 0.632812 0.611719 0.025 0.0390625 0.72123
0 0.944531 0.811719 0.0265625 0.0484375 0.721873
0 0.900781 0.889844 0.0296875 0.0515625 0.72439
0 0.396094 0.975 0.0265625 0.04375 0.724967
0 0.096875 0.0890625 0.025 0.040625 0.72575
0 0.551562 0.975781 0.03125 0.0484375 0.726467
0 0.326562 0.03125 0.021875 0.04375 0.731828
0 0.345313 0.285156 0.025 0.0453125 0.732397
0 0.1625 0.117188 0.025 0.040625 0.73272
0 0.96875 0.915625 0.03125 0.053125 0.733081
0 0.4875 0.59375 0.025 0.046875 0.734221
0 0.907812 0.682813 0.025 0.04375 0.735512
0 0.642187 0.789062 0.03125 0.05625 0.736681
0 0.152344 0.160938 0.0234375 0.04375 0.737063
0 0.179688 0.299219 0.028125 0.0515625 0.737948
0 0.11875 0.886719 0.028125 0.0484375 0.739469
0 0.08125 0.725781 0.028125 0.0546875 0.739537
0 0.371875 0.034375 0.021875 0.040625 0.740608
0 0.0773437 0.95 0.0328125 0.06875 0.747013
0 0.207031 0.447656 0.0234375 0.0453125 0.747106
0 0.242188 0.0929687 0.025 0.0484375 0.747442
0 0.117969 0.178906 0.0234375 0.0453125 0.748542
0 0.288281 0.2625 0.0234375 0.040625 0.752166
0 0.0914062 0.3625 0.0296875 0.053125 0.752754
0 0.0195312 0.096875 0.0234375 0.046875 0.758899
0 0.194531 0.951563 0.0296875 0.05625 0.764661
0 0.685156 0.666406 0.0328125 0.0515625 0.764899
0 0.291406 0.636719 0.0296875 0.0546875 0.769226
0 0.065625 0.210156 0.021875 0.0421875 0.788639
